2001 12 16 00 07  1.62  9.88  44           6.58                           25.0
2001 12 16 00 37  1.46  7.69  40           6.24                           25.0
2001 12 16 01 07  1.49  7.69  42           6.00                           25.0
2001 12 16 01 37  1.55  9.09  45           6.28                           25.0
2001 12 16 02 07  1.42  9.09  45           6.05                           25.0
2001 12 16 02 37  1.47 10.53  38           6.07                           25.0
2001 12 16 03 07  1.42  6.67  47           5.94                           25.0
2001 12 16 03 37  1.44 11.11  24           6.03                           25.0
2001 12 16 04 36  1.38 10.53  35           5.84                           25.0
2001 12 16 05 06  1.41 11.11  13           6.03                           25.0
2001 12 16 05 36  1.57  9.09  44           5.92                           25.0
2001 12 16 06 06  1.54  9.88  47           5.78                           25.0
2001 12 16 06 36  1.58 11.11  33           6.38                           25.0
2001 12 16 07 06  1.43  7.14  41           6.10                           25.0
2001 12 16 07 36  1.50 10.53  49           6.38                           25.0
2001 12 16 08 06  1.48  7.69  45           6.58                           25.0
2001 12 16 08 36  1.58  9.88  48           6.59                           24.9
2001 12 16 09 06  1.49  9.09  51           6.50                           25.0
2001 12 16 09 36  1.58  9.09  47           6.30                           25.0
2001 12 16 10 06  1.56  9.88  44           6.13                           25.0
2001 12 16 10 36  1.42 11.11  27           5.95                           25.0
2001 12 16 11 06  1.52 11.11  55           6.29                           25.0
2001 12 16 11 36  1.54 11.11  48           6.23                           25.0
2001 12 16 12 06  1.54 11.11  41           6.23                           25.0
2001 12 16 12 36  1.57 11.11  44           6.22                           25.0
2001 12 16 13 06  1.62  9.88  42           6.02                           25.0
2001 12 16 13 36  1.69 10.53  47           6.01                           25.0
2001 12 16 14 06  1.60  6.25  44           6.16                           25.0
2001 12 16 14 36  1.60 10.53  54           6.13                           25.0
2001 12 16 15 06  1.65 18.18 301           6.51                           25.0
2001 12 16 15 36  1.64 16.67 312           6.28                           25.0
2001 12 16 16 06  1.72 16.67 305           6.62                           25.0
2001 12 16 16 36  1.71 16.67 310           6.70                           25.0
2001 12 16 17 06  1.71 18.18 304           6.79                           25.0
2001 12 16 17 36  1.61 18.18 301           6.49                           25.0
2001 12 16 18 06  1.80 16.67 305           7.50                           25.0
2001 12 16 18 36  1.85 16.67 314           7.52                           25.0
2001 12 16 19 06  1.94 16.67 303           8.34                           25.0
2001 12 16 19 36  1.86 15.38 315           7.42                           25.0
2001 12 16 20 06  1.94 16.67 311           7.72                           25.0
2001 12 16 20 36  1.83 15.38 312           7.70                           25.0
2001 12 16 21 06  2.01 15.38 312           8.53                           25.0
2001 12 16 21 36  2.23 16.67 321           8.78                           25.0
2001 12 16 22 06  2.40 16.67 310           9.34                           25.0
2001 12 16 22 36  2.36 15.38 314           8.35                           25.0
2001 12 16 23 06  2.33 14.29 311           8.21                           25.0
2001 12 16 23 36  2.42 15.38 314           8.95                           25.0
2001 12 17 00 06  2.58 15.38 311           9.15                           25.0
2001 12 17 00 36  2.62 14.29 310           9.29                           25.0
2001 12 17 01 06  2.62 15.38 305           8.84                           25.0
2001 12 17 01 36  2.58 15.38 310           9.08                           25.0
2001 12 17 02 06  2.36 15.38 312           8.40                           25.0
2001 12 17 02 36  2.61 15.38 314           9.15                           25.0
2001 12 17 03 06  2.78 15.38 311           9.53                           25.0
2001 12 17 03 36  2.47 15.38 307           9.19                           25.0
2001 12 17 04 06  2.56 15.38 300           9.05                           25.0
2001 12 17 04 36  2.41 15.38 298           8.68                           25.0
2001 12 17 05 06  2.53 14.29 305           8.87                           25.0
2001 12 17 05 36  2.32 14.29 303           8.05                           25.0
2001 12 17 06 06  2.39 14.29 304           8.36                           25.0
2001 12 17 06 36  2.47 14.29 305           8.44                           25.0
2001 12 17 07 06  2.44 14.29 307           8.05                           25.0
2001 12 17 07 36  2.29 14.29 317           7.77                           25.0
2001 12 17 08 06  2.20 15.38 301           7.81                           25.0
2001 12 17 08 36  2.27 14.29 305           8.02                           25.0
2001 12 17 09 06  2.39 14.29 312           7.98                           25.0
2001 12 17 09 36  2.21 15.38 301           7.45                           25.0
2001 12 17 10 06  2.26 14.29 312           7.26                           25.0
2001 12 17 10 36  2.22 14.29 311           7.73                           25.0
2001 12 17 11 06  2.20 14.29 319           7.50                           25.0
2001 12 17 11 36  2.01 14.29 310           7.47                           24.9
2001 12 17 12 06  2.10 14.29 308           7.39                           24.9
2001 12 17 12 36  2.23 14.29 305           7.99                           24.9
2001 12 17 13 06  2.17 14.29 308           7.73                           24.9
2001 12 17 13 36  2.21 14.29 304           7.94                           24.9
2001 12 17 14 06  2.12 14.29 303           7.79                           24.9
2001 12 17 14 36  2.44 13.33 307           8.15                           24.9
2001 12 17 15 06  2.09 13.33 312           7.52                           24.8
2001 12 17 15 36  2.06 13.33 310           7.09                           24.9
2001 12 17 16 06  2.16 14.29 310           7.15                           24.9
2001 12 17 16 36  2.13 14.29 301           7.11                           24.9
2001 12 17 17 06  2.13 13.33 314           7.01                           24.9
2001 12 17 17 36  1.98 12.50 318           6.58                           24.9
2001 12 17 18 06  2.07 14.29 301           6.93                           24.9
2001 12 17 18 36  2.10 13.33 308           7.26                           24.9
2001 12 17 19 06  2.00 13.33 310           7.03                           24.8
2001 12 17 19 36  2.02 13.33 307           6.74                           24.9
2001 12 17 20 06  2.01 13.33 314           7.04                           24.9
2001 12 17 20 36  1.96 13.33 314           7.06                           24.8
2001 12 17 21 06  1.81 14.29 318           6.49                           24.8
2001 12 17 21 36  1.87 13.33 303           6.71                           24.9
2001 12 17 22 06  1.85 11.76 314           6.37                           24.8
2001 12 17 22 36  2.00 13.33 305           6.57                           24.8
2001 12 17 23 06  2.18 13.33 314           6.86                           24.8
2001 12 17 23 36  2.11 13.33 312           6.75                           24.9
2001 12 18 00 06  1.98 13.33 317           6.39                           24.8
2001 12 18 00 36  1.99 13.33 304           6.65                           24.8
2001 12 18 01 06  1.86 13.33 308           6.38                           24.8
2001 12 18 01 36  1.84 13.33 315           6.15                           24.8
2001 12 18 02 06  1.89 14.29 314           6.35                           24.8
2001 12 18 02 36  1.76 13.33 307           6.33                           24.9
2001 12 18 03 06  1.89 13.33 308           6.85                           24.8
2001 12 18 03 36  1.86 12.50 315           6.76                           24.8
2001 12 18 04 06  1.84 13.33 318           6.77                           24.8
2001 12 18 04 36  1.94 12.50 318           7.07                           24.8
2001 12 18 05 06  1.96 12.50 319           7.30                           24.8
2001 12 18 05 36  1.84 11.76 322           6.85                           24.8
2001 12 18 06 06  1.77 13.33 310           6.65                           24.8
2001 12 18 06 36  2.06 12.50 326           7.16                           24.8
2001 12 18 07 06  2.15 12.50 324           7.48                           24.8
2001 12 18 07 36  1.87 12.50 317           6.98                           24.8
2001 12 18 08 06  2.01 13.33 326           7.68                           24.8
2001 12 18 08 36  2.06 13.33 314           7.27                           24.8
2001 12 18 09 06  2.00 13.33 319           7.05                           24.8
2001 12 18 09 36  2.12 13.33 328           7.30                           24.8
2001 12 18 10 06  1.91 12.50 329           6.85                           24.8
2001 12 18 10 36  1.97 11.76 332           6.53                           24.8
2001 12 18 11 06  1.92 11.76 331           6.72                           24.8
2001 12 18 11 36  2.11 12.50 328           7.12                           24.8
2001 12 18 12 06  1.87 12.50 331           6.48                           24.8
2001 12 18 12 36  1.82 12.50 321           6.65                           24.8
2001 12 18 13 06  2.04 12.50 325           6.99                           24.7
2001 12 18 13 36  2.07 12.50 324           6.52                           24.7
2001 12 18 14 06  2.13 12.50 326           6.93                           24.7
2001 12 18 14 36  1.94 12.50 340           6.34                           24.7
2001 12 18 15 06  1.91 12.50 331           6.33                           24.7
2001 12 18 15 36  1.91 12.50 345           6.20                           24.6
2001 12 18 16 06  1.95 12.50 326           6.44                           24.7
2001 12 18 16 36  1.79 12.50 339           6.04                           24.6
2001 12 18 17 06  1.93 11.76 326           6.12                           24.7
2001 12 18 17 36  2.04 12.50 333           6.29                           24.6
2001 12 18 18 06  1.96 11.76 325           6.32                           24.6
2001 12 18 18 36  1.99 12.50 345           6.40                           24.6
2001 12 18 19 06  1.88 11.76 339           6.16                           24.6
2001 12 18 19 36  1.92 12.50 352           6.07                           24.6
2001 12 18 20 06  1.88 12.50 324           6.18                           24.6
2001 12 18 20 36  2.05 12.50 346           6.39                           24.7
2001 12 18 21 06  1.87 12.50 343           6.38                           24.6
2001 12 18 21 36  1.99 11.76 340           6.80                           24.7
2001 12 18 22 06  1.71 11.76 349           6.20                           24.6
2001 12 18 22 36  1.87 11.76 342           6.74                           24.7
2001 12 18 23 06  1.76 11.11 335           6.27                           24.7
2001 12 18 23 36  1.97 11.11 339           6.37                           24.7
2001 12 19 00 06  1.92 11.76 348           6.22                           24.7
2001 12 19 00 36  1.75 11.76 328           6.19                           24.7
2001 12 19 01 06  1.98 11.76 335           6.58                           24.8
2001 12 19 01 36  1.86 11.76 346           6.28                           24.7
2001 12 19 02 06  1.81 11.11 333           6.28                           24.7
2001 12 19 02 36  1.82 11.11 352           6.36                           24.7
2001 12 19 03 06  1.91 11.11 339           6.67                           24.7
2001 12 19 03 36  1.82 10.53 350           6.79                           24.7
2001 12 19 04 06  1.89 11.11   4           6.22                           24.6
2001 12 19 04 36  1.96 10.53 352           6.46                           24.6
2001 12 19 05 06  1.94 10.53 349           6.24                           24.6
2001 12 19 05 36  1.93 10.53 338           6.06                           24.6
2001 12 19 06 06  2.07 10.53 345           6.42                           24.6
2001 12 19 06 36  1.99 10.53 348           6.35                           24.6
2001 12 19 07 06  2.09 11.11 339           6.39                           24.6
2001 12 19 07 36  2.00  9.88 353           6.31                           24.6
2001 12 19 08 06  2.10 11.11 353           6.67                           24.6
2001 12 19 08 36  2.08 10.53 353           6.83                           24.6
2001 12 19 09 06  2.12 11.11   0           7.04                           24.6
2001 12 19 09 36  2.06 10.53 355           6.64                           24.6
2001 12 19 10 06  2.16 11.11 355           6.85                           24.6
2001 12 19 10 36  2.14 10.53 353           6.75                           24.6
2001 12 19 11 06  2.20 11.11 352           6.87                           24.6
2001 12 19 11 36  2.17 10.53 355           6.94                           24.6
2001 12 19 12 06  1.96 10.53 359           6.74                           24.6
2001 12 19 12 36  2.01  9.88 353           6.63                           24.6
2001 12 19 13 06  1.96 10.53   0           6.69                           24.6
2001 12 19 13 36  1.90 10.53  11           6.55                           24.6
2001 12 19 14 06  2.05  7.14  35           6.55                           24.6
2001 12 19 14 36  2.00  9.88 352           6.48                           24.6
2001 12 19 15 06  1.90  8.33  33           6.51                           24.6
2001 12 19 15 36  1.82  8.33  31           6.24                           24.6
2001 12 19 16 06  1.84  9.09   9           6.30                           24.5
2001 12 19 16 36  1.96  7.69  30           6.50                           24.5
2001 12 19 17 06  1.82  7.14  35           6.35                           24.5
2001 12 19 17 36  1.83  7.14  35           6.39                           24.5
2001 12 19 18 06  1.91 11.11 353           6.46                           24.6
2001 12 19 18 36  1.93  7.14  28           6.30                           24.6
2001 12 19 19 06  1.89 12.50 326           6.37                           24.6
2001 12 19 19 36  2.04  7.69  35           6.72                           24.6
2001 12 19 20 06  1.80 13.33 315           6.59                           24.6
2001 12 19 20 36  1.83  7.69  31           6.58                           24.6
2001 12 19 21 06  1.93 13.33 319           6.90                           24.7
2001 12 19 21 36  1.79  7.69  28           6.62                           24.7
2001 12 19 22 06  1.81  8.33  34           6.59                           24.7
2001 12 19 22 36  1.75  8.33  38           6.80                           24.8
2001 12 19 23 06  1.67  8.33  27           6.55                           24.7
2001 12 19 23 36  1.75 10.53   9           6.76                           24.7
2001 12 20 00 06  1.84 12.50 319           6.66                           24.7
2001 12 20 00 36  1.87 11.76 335           6.47                           24.7
2001 12 20 01 06  1.90  7.14  34           6.47                           24.7
2001 12 20 01 36  1.85 12.50 307           6.55                           24.7
2001 12 20 02 06  1.79 12.50 321           6.36                           24.6
2001 12 20 02 36  1.83  7.69  40           6.62                           24.6
2001 12 20 03 06  1.80  7.69  37           6.60                           24.6
2001 12 20 03 36  1.73 12.50 333           6.76                           24.6
2001 12 20 04 06  1.79 12.50 332           6.96                           24.6
2001 12 20 04 36  1.66 11.76 322           6.59                           24.6
2001 12 20 05 06  1.69  7.69  41           6.54                           24.6
2001 12 20 05 36  1.72  7.69  30           6.37                           24.6
2001 12 20 06 06  1.73  8.33  30           6.59                           24.6
2001 12 20 06 36  1.77  9.09  30           6.48                           24.6
2001 12 20 07 06  1.85 13.33 328           6.86                           24.6
2001 12 20 07 36  1.93 10.53 350           6.88                           24.6
2001 12 20 08 06  1.82  9.09  37           6.90                           24.6
2001 12 20 08 36  1.84 13.33 340           7.17                           24.6
2001 12 20 09 06  1.81  9.88  11           7.08                           24.6
2001 12 20 09 36  1.76 13.33 326           6.91                           24.7
2001 12 20 10 06  1.76 11.76 349           7.09                           24.7
2001 12 20 10 36  1.87 12.50 335           6.96                           24.8
2001 12 20 11 06  1.82  7.69  37           7.02                           24.8
2001 12 20 11 36  1.83 12.50 352           7.21                           24.8
2001 12 20 12 06  1.81 13.33 350           7.16                           24.8
2001 12 20 12 36  1.84  9.09  38           7.41                           24.8
2001 12 20 13 06  1.77 13.33 340           7.28                           24.8
2001 12 20 13 36  1.83 12.50 346           7.37                           24.8
2001 12 20 14 06  1.86 12.50 349           7.50                           24.9
2001 12 20 14 36  1.81 14.29 319           7.33                           24.9
2001 12 20 15 06  1.81 11.76 348           7.15                           24.9
2001 12 20 15 36  1.89 12.50 349           7.20                           24.9
2001 12 20 16 06  1.91 12.50 329           7.23                           24.8
2001 12 20 16 36  1.86 11.76 346           7.17                           24.8
2001 12 20 17 06  1.81 14.29 314           7.02                           24.8
2001 12 20 17 36  1.87 14.29 310           6.88                           24.8
2001 12 20 18 06  1.87 12.50 338           6.79                           24.8
2001 12 20 18 36  1.90 11.76 357           6.91                           24.8
2001 12 20 19 06  1.90 14.29 314           6.94                           24.8
2001 12 20 19 36  1.94 12.50 325           7.11                           24.8
2001 12 20 20 06  1.80 11.76 343           6.77                           24.8
2001 12 20 20 36  1.85 14.29 318           6.85                           24.8
2001 12 20 21 06  1.93 14.29 303           7.15                           24.8
2001 12 20 21 36  1.95 14.29 310           7.47                           24.8
2001 12 20 22 06  1.79 15.38 301           6.83                           24.9
2001 12 20 22 36  1.89 14.29 310           7.36                           24.9
2001 12 20 23 06  1.84 11.11   0           7.20                           24.8
2001 12 20 23 36  1.89 14.29 315           7.42                           24.8
2001 12 21 00 06  1.80 12.50 350           6.99                           24.8
2001 12 21 00 36  1.79 15.38 307           7.14                           24.9
2001 12 21 01 06  1.87 14.29 311           7.39                           24.8
2001 12 21 01 36  1.79 15.38 310           7.45                           24.9
2001 12 21 02 06  1.74 14.29 324           7.25                           24.9
2001 12 21 02 36  1.68 14.29 315           7.64                           24.9
2001 12 21 03 06  1.82 12.50 339           7.94                           24.9
2001 12 21 03 36  1.74 13.33 318           7.90                           24.9
2001 12 21 04 06  1.74 15.38 308           7.85                           24.8
2001 12 21 04 36  1.81 14.29 307           7.93                           24.9
2001 12 21 05 06  1.63 13.33 319           7.35                           24.9
2001 12 21 05 36  1.80 15.38 305           7.82                           24.8
2001 12 21 06 06  1.81 14.29 308           7.88                           24.9
2001 12 21 06 36  1.75 13.33 311           7.46                           24.8
2001 12 21 07 06  1.87 14.29 312           8.03                           24.8
2001 12 21 07 36  1.74 14.29 305           7.74                           24.8
2001 12 21 08 06  1.81 14.29 307           8.31                           24.8
2001 12 21 08 36  1.64 13.33 311           7.64                           24.8
2001 12 21 09 06  1.77 14.29 315           8.57                           24.8
2001 12 21 09 36  1.80 14.29 317           8.74                           24.8
2001 12 21 10 06  1.92 14.29 312           8.79                           24.8
2001 12 21 10 36  1.92 13.33 319           8.41                           24.8
2001 12 21 11 06  1.86 14.29 315           8.66                           24.8
2001 12 21 11 36  1.83 13.33 311           8.61                           24.9
2001 12 21 12 06  1.94 14.29 312           8.60                           24.9
2001 12 21 12 36  1.84 14.29 307           8.36                           25.0
2001 12 21 13 06  1.93 14.29 314           8.59                           25.0
2001 12 21 13 36  1.72 13.33 314           7.97                           25.0
2001 12 21 14 06  1.87 13.33 310           8.19                           25.0
2001 12 21 14 36  1.68 13.33 304           7.62                           25.0
2001 12 21 15 06  1.76 14.29 324           7.81                           25.0
2001 12 21 15 36  1.72 14.29 317           7.83                           25.0
2001 12 21 16 06  1.63 14.29 307           7.11                           25.0
2001 12 21 16 36  1.72 13.33 307           7.40                           25.0
2001 12 21 17 06  1.65 14.29 310           7.29                           25.0
2001 12 21 17 36  1.59 14.29 308           7.23                           24.9
2001 12 21 18 06  1.73 14.29 310           7.77                           24.9
2001 12 21 18 36  1.62 13.33 308           7.78                           25.0
2001 12 21 19 06  1.65 13.33 311           7.62                           24.9
2001 12 21 19 36  1.56 14.29 314           7.00                           25.0
2001 12 21 20 06  1.57 14.29 311           7.10                           25.0
2001 12 21 20 36  1.59 12.50 314           7.24                           25.0
2001 12 21 21 06  1.60 14.29 314           7.41                           25.0
2001 12 21 21 36  1.58 11.76 335           7.11                           25.0
2001 12 21 22 06  1.57 13.33 305           7.22                           25.0
2001 12 21 22 36  1.60 14.29 319           7.41                           25.0
2001 12 21 23 06  1.53 13.33 315           7.25                           25.1
2001 12 21 23 36  1.45 12.50 325           7.12                           25.1
2001 12 22 00 06  1.38 13.33 319           6.86                           25.1
2001 12 22 00 36  1.31 13.33 324           6.85                           25.2
2001 12 22 01 06  1.38 13.33 321           7.35                           25.2
2001 12 22 01 36  1.21 11.11 346           6.71                           25.2
2001 12 22 02 06  1.24 13.33 335           6.87                           25.2
2001 12 22 02 36  1.28 14.29 307           6.83                           25.2
2001 12 22 03 06  1.30 12.50 319           6.76                           25.2
2001 12 22 03 36  1.30 12.50 315           7.11                           25.1
2001 12 22 04 06  1.33 13.33 322           7.15                           25.1
2001 12 22 04 36  1.33 12.50 318           7.47                           25.1
2001 12 22 05 06  1.34 12.50 325           7.65                           25.2
2001 12 22 05 36  1.34 13.33 311           7.83                           25.1
2001 12 22 06 06  1.22 13.33 304           7.96                           25.1
2001 12 22 06 36  1.30 12.50 315           8.14                           25.1
2001 12 22 07 06  1.35 13.33 311           8.20                           25.1
2001 12 22 07 36  1.27 13.33 324           7.99                           25.1
2001 12 22 08 06  1.26 12.50 314           7.90                           25.1
2001 12 22 08 36  1.36 12.50 312           8.30                           25.0
2001 12 22 09 06  1.22 12.50 324           7.67                           25.1
2001 12 22 09 36  1.23 12.50 315           8.20                           25.1
2001 12 22 10 06  1.26 12.50 332           8.10                           25.1
2001 12 22 10 36  1.24 12.50 317           8.15                           25.0
2001 12 22 11 06  1.19 13.33 319           8.24                           25.0
2001 12 22 11 36  1.23 12.50 310           8.14                           25.0
2001 12 22 12 06  1.15 13.33 321           8.10                           25.0
2001 12 22 12 36  1.25 12.50 322           8.45                           25.0
2001 12 22 13 06  1.19 12.50 319           8.31                           25.1
2001 12 22 13 36  1.21 12.50 319           8.95                           25.1
2001 12 22 14 06  1.23 13.33 322           8.88                           25.1
2001 12 22 14 36  1.23 11.76 322           9.06                           25.1
2001 12 22 15 06  1.18 13.33 319           8.97                           25.1
2001 12 22 15 36  1.26 13.33 324           9.08                           25.0
2001 12 22 16 06  1.15 12.50 324           8.70                           25.0
2001 12 22 16 36  1.27 12.50 325           9.76                           25.0
2001 12 22 17 06  1.14 13.33 319           9.13                           25.0
2001 12 22 17 36  1.35 12.50 325           9.93                           25.0
2001 12 22 18 06  1.22 12.50 319           9.40                           25.0
2001 12 22 18 36  1.29 11.76 319           9.28                           25.0
2001 12 22 19 06  1.38 12.50 322           9.95                           25.1
2001 12 22 19 36  1.30 12.50 324           9.64                           25.1
2001 12 22 20 06  1.28 12.50 332           9.41                           25.2
2001 12 22 20 36  1.30 12.50 318           9.17                           25.2
2001 12 22 21 06  1.32 12.50 328           8.58                           25.4
2001 12 22 21 36  1.38 12.50 315           8.75                           25.7
2001 12 22 22 06  1.45 12.50 326           9.01                           26.0
2001 12 22 22 36  1.42 11.76 315           8.58                           26.2
2001 12 22 23 06  1.55 12.50 325           9.60                           26.2
2001 12 22 23 36  1.35 12.50 312           8.86                           25.5
2001 12 23 00 06  1.50 12.50 319           9.49                           26.1
2001 12 23 00 36  1.47 12.50 319           9.74                           26.2
2001 12 23 01 06  1.35 12.50 326           9.25                           26.1
2001 12 23 01 36  1.37 12.50 322           9.96                           26.2
2001 12 23 02 06  1.39 11.76 331           9.70                           26.2
2001 12 23 02 36  1.54 12.50 332          10.07                           26.0
2001 12 23 03 06  1.54 12.50 322           9.95                           25.7
2001 12 23 03 36  1.52 11.76 324           9.13                           25.6
2001 12 23 04 06  1.59 12.50 328           9.19                           25.5
2001 12 23 04 36  1.53 15.38 342           9.59                           25.5
2001 12 23 05 06  1.45 11.76 321           9.24                           25.4
2001 12 23 05 36  1.49 12.50 333           9.10                           25.3
2001 12 23 06 06  1.51 11.76 326           9.31                           25.3
2001 12 23 06 36  1.64 12.50 326           9.35                           25.2
2001 12 23 07 06  1.64 15.38 342           9.02                           25.2
2001 12 23 07 36  1.56 15.38 348           9.02                           25.2
2001 12 23 08 06  1.61 15.38 355           8.94                           25.2
2001 12 23 08 36  1.63 15.38 350           8.98                           25.1
2001 12 23 09 06  1.49 14.29 343           8.27                           25.1
2001 12 23 09 36  1.67 11.76 324           9.07                           25.1
2001 12 23 10 06  1.50 14.29 338           8.52                           25.1
2001 12 23 10 36  1.68 13.33 335           8.58                           25.1
2001 12 23 11 06  1.58 12.50 332           8.40                           25.1
2001 12 23 11 36  1.57 13.33 345           8.55                           25.1
2001 12 23 12 06  1.65 11.76 328           8.77                           25.1
2001 12 23 12 36  1.57 12.50 335           8.87                           25.1
2001 12 23 13 06  1.65 12.50 332           8.85                           25.1
2001 12 23 13 36  1.57 12.50 333           7.84                           25.1
2001 12 23 14 06  1.74 13.33 348           8.12                           25.1
2001 12 23 14 36  1.81 13.33 342           7.99                           25.1
2001 12 23 15 06  1.61 13.33 345           6.49                           25.1
2001 12 23 15 36  1.81 13.33 335           6.71                           25.1
2001 12 23 16 06  1.95 13.33 338           6.43                           25.1
2001 12 23 16 36  2.16 12.50 340           6.08                           25.1
2001 12 23 17 06  2.35 11.76 328           6.41                           25.1
2001 12 23 17 36  2.32 13.33 332           6.22                           25.1
2001 12 23 18 06  2.19 11.76 329           6.04                           25.1
2001 12 23 18 36  2.28 13.33 333           6.40                           25.1
2001 12 23 19 06  2.27  6.25   3           6.21                           25.1
2001 12 23 19 36  2.32 13.33 335           6.69                           25.1
2001 12 23 20 06  2.27 11.76 331           6.47                           25.1
2001 12 23 20 36  2.22 12.50 333           6.38                           25.1
2001 12 23 21 06  2.26 12.50 335           6.95                           25.1
2001 12 23 21 36  2.28 12.50 336           6.60                           25.1
2001 12 23 22 06  2.26 12.50 339           6.88                           25.1
2001 12 23 22 36  2.39 11.76 321           6.91                           25.1
2001 12 23 23 06  2.44 12.50 325           7.50                           25.0
2001 12 23 23 36  2.46 13.33 333           7.45                           25.1
2001 12 24 00 06  2.66 13.33 339           8.06                           25.1
2001 12 24 00 36  2.72 14.29 339           8.03                           25.0
2001 12 24 01 06  2.61 13.33 329           8.09                           25.1
2001 12 24 01 36  2.99 13.33 338           8.83                           25.1
2001 12 24 02 06  3.12 14.29 345           9.35                           25.1
2001 12 24 02 36  3.12 14.29 348           9.36                           25.0
2001 12 24 03 06  3.67 14.29 342           9.95                           25.0
2001 12 24 03 36  3.41 13.33 338           9.63                           25.0
2001 12 24 04 06  3.29 13.33 338           9.53                           25.1
2001 12 24 04 36  3.62 14.29 339           9.83                           25.0
2001 12 24 05 06  3.55 13.33 338          10.09                           25.0
2001 12 24 05 36  3.51 14.29 338           9.85                           25.0
2001 12 24 06 06  3.70 13.33 328          10.39                           25.0
2001 12 24 06 36  3.38 14.29 343          10.23                           25.0
2001 12 24 07 06  3.87 14.29 345          10.69                           25.0
2001 12 24 07 36  3.76 13.33 339          10.69                           25.0
2001 12 24 08 06  3.78 14.29 338          10.42                           25.0
2001 12 24 08 36  3.74 13.33 338          10.86                           25.0
2001 12 24 09 06  3.76 15.38 345          10.72                           25.0
2001 12 24 09 36  3.47 13.33 340          10.18                           25.0
2001 12 24 10 06  3.67 13.33 345          10.47                           25.0
2001 12 24 10 36  3.74 13.33 339          10.49                           25.0
2001 12 24 11 06  3.60 14.29 343          10.49                           25.0
2001 12 24 11 36  3.74 14.29 338          10.48                           25.0
2001 12 24 12 06  3.80 14.29 332          10.68                           25.0
2001 12 24 12 36  3.66 14.29 338          10.59                           25.0
2001 12 24 13 06  3.64 12.50 335          10.56                           25.0
2001 12 24 13 36  3.72 12.50 339          10.75                           25.0
2001 12 24 14 06  3.84 14.29 333          10.97                           25.0
2001 12 24 14 36  3.27 14.29 340          10.30                           25.0
2001 12 24 15 06  3.49 13.33 329          10.55                           25.0
2001 12 24 15 36  3.68 13.33 331          10.76                           25.0
2001 12 24 16 06  3.41 12.50 338          10.51                           25.0
2001 12 24 16 36  3.18 13.33 332          10.10                           25.0
2001 12 24 17 06  3.27 14.29 331          10.16                           25.0
2001 12 24 17 36  3.33 13.33 336          10.27                           25.0
2001 12 24 18 06  3.42 13.33 329          10.35                           25.0
2001 12 24 18 36  3.28 12.50 340          10.14                           25.0
2001 12 24 19 06  2.95 14.29 321          10.18                           24.9
2001 12 24 19 36  3.33 13.33 325          10.45                           24.9
2001 12 24 20 06  3.43 14.29 329          10.61                           25.0
2001 12 24 20 36  3.27 12.50 335          10.18                           25.0
2001 12 24 21 06  3.34 12.50 331          10.07                           25.1
2001 12 24 21 36  3.21 12.50 339          10.41                           25.3
2001 12 24 22 06  3.32 12.50 333          10.06                           25.4
2001 12 24 22 36  3.52 13.33 331          10.32                           25.4
2001 12 24 23 06  3.21 11.76 332           9.87                           25.2
2001 12 24 23 36  3.11 12.50 329           9.88                           25.1
2001 12 25 00 06  3.39 12.50 331          10.17                           25.1
2001 12 25 00 36  3.29 11.76 331           9.81                           25.1
2001 12 25 01 06  3.23 12.50 349           9.72                           25.0
2001 12 25 01 36  3.35 13.33 343          10.27                           25.1
2001 12 25 02 06  3.37 13.33 352          10.27                           25.1
2001 12 25 02 36  2.84 12.50 340           9.84                           25.1
2001 12 25 03 06  2.98 12.50 342          10.05                           25.1
2001 12 25 03 36  3.17 13.33 336          10.53                           25.0
2001 12 25 04 06  3.05 13.33 352          10.29                           25.0
2001 12 25 04 36  2.94 12.50 340          10.53                           25.0
2001 12 25 05 06  2.65 13.33 343          10.23                           25.0
2001 12 25 05 36  2.82 13.33 336          10.55                           25.0
2001 12 25 06 06  2.43 13.33 342           9.91                           25.0
2001 12 25 06 36  2.95 13.33 350          10.32                           25.0
2001 12 25 07 06  2.80 11.76 343          10.30                           25.0
2001 12 25 07 36  2.79 13.33 338          10.17                           25.0
2001 12 25 08 06  2.77 12.50 340          10.12                           25.0
2001 12 25 08 36  2.64 12.50 349          10.09                           25.0
2001 12 25 09 06  3.11 12.50 340          10.71                           25.0
2001 12 25 09 36  3.14 12.50 343          10.94                           25.0
2001 12 25 10 06  2.99 12.50 342          10.89                           25.0
2001 12 25 10 36  2.85 12.50 333          10.29                           25.0
2001 12 25 11 06  2.68 12.50 343           9.93                           25.0
2001 12 25 11 36  2.87 12.50 326          10.38                           25.0
2001 12 25 12 06  2.57 12.50 336           9.83                           24.9
2001 12 25 12 36  2.63 15.38   9           9.96                           25.0
2001 12 25 13 06  2.52 15.38  10           9.84                           25.0
2001 12 25 13 36  2.62 12.50 345           9.96                           24.9
2001 12 25 14 06  2.66 11.76 338          10.10                           24.9
2001 12 25 14 36  2.43 14.29   7           9.70                           25.0
2001 12 25 15 06  2.33 14.29   9           9.43                           25.0
2001 12 25 15 36  2.22 12.50 343           9.17                           24.9
2001 12 25 16 06  2.46 12.50 340          10.02                           24.9
2001 12 25 16 36  1.93 11.76 340           8.63                           25.0
2001 12 25 17 06  2.28 11.76 336           9.10                           25.0
2001 12 25 17 36  2.23 14.29   7           8.89                           24.9
2001 12 25 18 06  2.13 11.76 328           8.62                           25.0
2001 12 25 18 36  2.16 11.76 328           8.55                           25.0
2001 12 25 19 06  1.99 11.11 324           7.60                           25.0
2001 12 25 19 36  2.11 10.53 326           7.98                           25.0
2001 12 25 20 06  1.92 10.53 342           7.24                           25.0
2001 12 25 20 36  2.05 11.11 331           7.68                           25.0
2001 12 25 21 06  1.92 11.11 331           7.71                           25.0
2001 12 25 21 36  1.85 14.29   9           7.38                           25.0
2001 12 25 22 06  1.91 12.50 343           7.39                           25.0
2001 12 25 22 36  1.87 11.76 324           7.47                           25.0
2001 12 25 23 06  1.99 11.76 339           7.15                           24.9
2001 12 25 23 36  2.04 13.33 356           7.15                           24.9
2001 12 26 00 06  2.02 12.50 346           7.01                           24.9
2001 12 26 00 36  2.06 11.11 317           6.96                           24.9
2001 12 26 01 06  2.00 11.76 340           6.60                           24.9
2001 12 26 01 36  1.99 10.53 317           6.58                           24.9
2001 12 26 02 06  1.96 12.50 348           6.49                           24.9
2001 12 26 02 36  1.96 13.33   9           6.96                           24.9
2001 12 26 03 06  1.94 11.76 348           6.99                           24.9
2001 12 26 03 36  2.00 11.11 332           7.11                           25.0
2001 12 26 04 06  2.21 12.50 339           7.65                           25.0
2001 12 26 04 36  1.98 11.11 338           7.26                           25.0
2001 12 26 05 06  2.01 13.33 336           7.20                           25.0
2001 12 26 05 36  1.93 12.50 333           6.89                           25.0
2001 12 26 06 06  2.07 13.33 333           7.30                           25.0
2001 12 26 06 36  2.46 13.33 343           8.14                           25.0
2001 12 26 07 06  2.35 11.76 335           8.29                           25.0
2001 12 26 07 36  2.46 12.50 339           8.59                           25.0
2001 12 26 08 06  2.40 11.76 336           8.10                           25.0
2001 12 26 08 36  2.67 12.50 340           8.85                           25.0
2001 12 26 09 06  2.48 13.33 339           8.50                           24.9
2001 12 26 09 36  2.52 12.50 331           8.48                           25.0
2001 12 26 10 06  2.54 13.33 343           8.51                           25.0
2001 12 26 10 36  2.52 12.50 324           8.80                           24.9
2001 12 26 11 06  2.57 11.76 322           8.43                           25.0
2001 12 26 11 36  2.86 18.18 324           9.08                           25.0
2001 12 26 12 06  3.05 18.18 328           9.53                           25.0
2001 12 26 12 36  3.00 12.50 322           9.21                           24.9
2001 12 26 13 06  3.15 18.18 324           9.93                           24.9
2001 12 26 13 36  2.81 18.18 322           9.35                           24.9
2001 12 26 14 06  3.07 18.18 328          10.09                           24.9
2001 12 26 14 36  3.18 18.18 328          10.23                           24.9
2001 12 26 15 06  3.43 18.18 326          10.91                           24.9
2001 12 26 15 36  3.38 18.18 328          10.95                           24.9
2001 12 26 16 06  3.45 18.18 331          11.23                           24.9
2001 12 26 16 36  3.68 18.18 336          11.63                           24.9
2001 12 26 17 06  3.85 18.18 331          11.93                           24.9
2001 12 26 17 36  4.14 18.18 328          13.12                           24.9
2001 12 26 18 06  4.04 16.67 335          12.47                           24.9
2001 12 26 18 36  4.01 16.67 331          12.44                           25.0
2001 12 26 19 06  3.95 16.67 332          12.08                           24.9
2001 12 26 19 36  4.03 16.67 331          12.61                           24.9
2001 12 26 20 06  4.37 16.67 325          12.55                           24.9
2001 12 26 20 36  4.18 16.67 322          12.55                           24.9
2001 12 26 21 06  3.92 16.67 325          12.00                           24.9
2001 12 26 21 36  3.57 15.38 332          11.66                           25.0
2001 12 26 22 06  4.21 16.67 324          12.57                           24.9
2001 12 26 22 36  4.36 16.67 321          12.71                           25.0
2001 12 26 23 06  4.57 15.38 329          12.53                           25.0
2001 12 26 23 36  4.39 16.67 318          12.44                           24.9
2001 12 27 00 06  4.86 16.67 318          12.59                           24.7
2001 12 27 00 36  4.46 18.18 318          12.53                           24.8
2001 12 27 01 06  4.51 14.29 324          11.89                           24.8
2001 12 27 01 36  4.67 16.67 315          12.50                           24.9
2001 12 27 02 06  5.04 15.38 317          12.53                           24.8
2001 12 27 02 36  5.10 18.18 319          12.63                           24.7
2001 12 27 03 06  4.51 16.67 318          12.05                           24.8
2001 12 27 03 36  4.97 16.67 319          12.41                           24.7
2001 12 27 04 06  4.78 18.18 328          12.64                           24.7
2001 12 27 04 36  5.11 20.00 326          12.61                           24.7
2001 12 27 05 06  5.09 18.18 326          12.76                           24.7
2001 12 27 05 36  4.99 20.00 333          12.71                           24.9
2001 12 27 06 06  4.95 18.18 325          12.60                           24.9
2001 12 27 06 36  4.36 18.18 329          12.45                           25.0
2001 12 27 07 06  4.63 18.18 333          12.85                           25.0
2001 12 27 07 36  4.47 18.18 332          12.64                           24.9
2001 12 27 08 06  4.28 18.18 332          12.57                           24.9
2001 12 27 08 36  4.07 16.67 331          12.19                           25.0
2001 12 27 09 06  4.24 18.18 338          12.62                           24.9
2001 12 27 09 36  4.60 18.18 328          12.68                           25.0
2001 12 27 10 06  4.45 16.67 322          12.66                           24.9
2001 12 27 10 36  4.37 16.67 326          12.28                           24.9
2001 12 27 11 06  4.57 18.18 332          12.44                           24.9
2001 12 27 11 36  4.23 18.18 331          11.95                           24.7
2001 12 27 12 06  4.53 18.18 326          11.96                           24.6
2001 12 27 12 36  4.85 16.67 328          12.01                           24.5
2001 12 27 13 06  4.21 16.67 325          11.86                           24.6
2001 12 27 13 36  4.95 18.18 325          12.36                           24.7
2001 12 27 14 06  4.17 15.38 322          11.04                           24.7
2001 12 27 14 36  4.70 15.38 322          11.95                           24.7
2001 12 27 15 06  4.53 16.67 331          12.33                           24.7
2001 12 27 15 36  4.69 16.67 333          12.32                           24.7
2001 12 27 16 06  4.67 15.38 336          11.97                           24.6
2001 12 27 16 36  4.79 16.67 331          12.27                           24.7
2001 12 27 17 06  4.56 15.38 336          11.98                           24.6
2001 12 27 17 36  4.48 16.67 342          12.32                           24.5
2001 12 27 18 06  3.96 16.67 332          11.53                           24.5
2001 12 27 18 36  4.52 16.67 335          12.03                           24.5
2001 12 27 19 06  3.97 15.38 335          11.44                           24.5
2001 12 27 19 36  3.98 15.38 336          11.86                           24.6
2001 12 27 20 06  3.65 15.38 340          11.52                           24.5
2001 12 27 20 36  3.47 13.33 331          11.21                           24.6
2001 12 27 21 06  3.57 16.67 332          11.18                           24.6
2001 12 27 21 36  3.81 14.29 328          11.36                           24.5
2001 12 27 22 06  3.84 14.29 331          11.28                           24.5
2001 12 27 22 36  4.07 14.29 339          11.61                           24.6
2001 12 27 23 06  3.74 16.67 326          11.16                           24.6
2001 12 27 23 36  3.97 13.33 332          11.21                           24.6
2001 12 28 00 06  4.22 15.38 336          11.23                           24.7
2001 12 28 00 36  3.68 15.38 329          10.68                           24.8
2001 12 28 01 06  3.75 16.67 336          10.51                           24.8
2001 12 28 01 36  3.94 16.67 321          11.34                           24.8
2001 12 28 02 06  3.76 15.38 328          10.70                           24.8
2001 12 28 02 36  3.72 16.67 339          10.54                           24.8
2001 12 28 03 06  3.83 16.67 343          10.46                           24.7
2001 12 28 03 36  3.57 11.76 335          10.09                           24.7
2001 12 28 04 06  3.66 14.29 335          10.57                           24.6
2001 12 28 04 36  3.50 13.33 332          10.42                           24.7
2001 12 28 05 06  3.61 13.33 336          10.39                           24.7
2001 12 28 05 36  3.19 16.67 338           9.91                           24.8
2001 12 28 06 06  3.52 15.38 339          10.29                           24.8
2001 12 28 06 36  3.35 15.38 336          10.24                           24.7
2001 12 28 07 06  3.40 15.38 339          10.44                           24.6
2001 12 28 07 36  3.52 11.76 336          10.40                           24.6
2001 12 28 08 06  3.31 15.38 340          10.62                           24.6
2001 12 28 08 36  3.33 14.29 336          10.15                           24.6
2001 12 28 09 06  3.42 15.38 345          10.34                           24.6
2001 12 28 09 36  3.48 15.38 339          10.31                           24.6
2001 12 28 10 06  3.43 11.76 335           9.71                           24.6
2001 12 28 10 36  3.50 15.38 336           9.84                           24.6
2001 12 28 11 06  3.65 15.38 339          10.35                           24.7
2001 12 28 11 36  3.39 14.29 335           9.59                           24.6
2001 12 28 12 06  3.26 14.29 332           9.51                           24.6
2001 12 28 12 36  3.23 11.76 333           9.41                           24.6
2001 12 28 13 06  3.32 15.38 329           9.94                           24.6
2001 12 28 13 36  3.64 15.38 333          10.27                           24.5
2001 12 28 14 06  3.32 15.38 340           9.64                           24.6
2001 12 28 14 36  3.49 14.29 342           9.56                           24.5
2001 12 28 15 06  3.55 15.38 335           9.66                           24.6
2001 12 28 15 36  3.50 14.29 342           9.59                           24.5
2001 12 28 16 06  3.18 15.38 335           9.12                           24.5
2001 12 28 16 36  3.47 15.38 335           9.84                           24.5
2001 12 28 17 06  3.44 15.38 339          10.00                           24.5
2001 12 28 17 36  3.40 15.38 343          10.28                           24.5
2001 12 28 18 06  3.38 14.29 338          10.10                           24.5
2001 12 28 18 36  3.05 13.33 339           9.75                           24.5
2001 12 28 19 06  3.01 15.38 343           9.75                           24.5
2001 12 28 19 36  3.37 14.29 339          10.31                           24.5
2001 12 28 20 06  2.93 15.38 336           9.66                           24.5
2001 12 28 20 36  3.06 15.38 346           9.96                           24.5
2001 12 28 21 06  3.23 14.29 338          10.00                           24.6
2001 12 28 21 36  2.86 14.29 342           9.37                           24.6
2001 12 28 22 06  3.03 14.29 335           9.59                           24.6
2001 12 28 22 36  3.18 13.33 343           9.69                           24.6
2001 12 28 23 06  3.38 14.29 346           9.88                           24.6
2001 12 28 23 36  3.18 14.29 348           9.65                           24.7
2001 12 29 00 06  3.12 14.29 338           9.33                           24.7
2001 12 29 00 36  3.46 14.29 339           9.73                           24.6
2001 12 29 01 06  3.25 14.29 335           8.89                           24.6
2001 12 29 01 36  3.57 12.50 336           9.24                           24.6
2001 12 29 02 06  3.21 14.29 346           9.15                           24.6
2001 12 29 02 36  3.60 14.29 340           9.33                           24.6
2001 12 29 03 06  3.49 14.29 340           9.26                           24.6
2001 12 29 03 36  3.29 11.76 336           8.60                           24.6
2001 12 29 04 06  3.98 13.33 336           9.64                           24.6
2001 12 29 04 36  3.34 14.29 357           9.09                           24.6
2001 12 29 05 06  3.53 14.29 349           9.49                           24.6
2001 12 29 05 36  3.52 13.33 343           9.51                           24.6
2001 12 29 06 06  3.23 13.33 338           9.13                           24.6
2001 12 29 06 36  3.27 13.33 342           9.01                           24.6
2001 12 29 07 06  3.03 13.33 342           9.06                           24.6
2001 12 29 07 36  3.05 13.33 333           8.96                           24.6
2001 12 29 08 06  3.14 13.33 345           8.94                           24.6
2001 12 29 08 36  3.63 13.33 345           9.81                           24.6
2001 12 29 09 06  2.93 11.76 342           8.78                           24.6
2001 12 29 09 36  2.96 13.33 342           8.45                           24.9
2001 12 29 10 06  3.24 11.11 332           8.93                           24.9
2001 12 29 10 36  3.18 13.33 349           8.94                           24.9
2001 12 29 11 06  3.19 13.33 342           8.83                           24.8
2001 12 29 11 36  3.05 13.33 346           8.44                           24.8
2001 12 29 12 06  3.16 13.33 338           8.59                           24.6
2001 12 29 12 36  3.23 13.33 343           8.52                           24.6
2001 12 29 13 06  3.10 13.33 340           8.00                           24.5
2001 12 29 13 36  3.45 12.50 340           8.53                           24.6
2001 12 29 14 06  3.46 14.29 336           8.79                           24.6
2001 12 29 14 36  3.03 12.50 340           8.12                           24.6
2001 12 29 15 06  3.37 11.11 336           8.63                           24.5
2001 12 29 15 36  3.07 13.33 342           8.10                           24.5
2001 12 29 16 06  3.02 13.33 336           8.14                           24.5
2001 12 29 16 36  3.16 13.33 335           8.29                           24.5
2001 12 29 17 06  3.06 13.33 335           7.68                           24.5
2001 12 29 17 36  2.96 13.33 338           7.63                           24.5
2001 12 29 18 06  3.20 13.33 326           8.04                           24.5
2001 12 29 18 36  2.89 11.76 328           7.63                           24.5
2001 12 29 19 06  2.56 13.33 336           7.31                           24.6
2001 12 29 19 36  2.64 12.50 326           7.58                           24.6
2001 12 29 20 06  2.63 12.50 339           7.49                           24.6
2001 12 29 20 36  2.62 13.33 333           7.49                           24.5
2001 12 29 21 06  2.64 12.50 332           7.67                           24.6
2001 12 29 21 36  2.66 13.33 333           8.08                           24.6
2001 12 29 22 06  2.22 11.76 338           7.24                           24.6
2001 12 29 22 36  2.39 12.50 336           7.85                           24.6
2001 12 29 23 06  2.38 13.33 335           7.78                           24.6
2001 12 29 23 36  2.19 11.76 338           8.00                           24.7
2001 12 30 00 06  2.11 12.50 333           7.86                           24.7
2001 12 30 00 36  2.22 12.50 331           8.14                           24.7
2001 12 30 01 06  2.24 13.33 325           7.97                           24.8
2001 12 30 01 36  2.18 12.50 335           7.83                           24.7
2001 12 30 02 06  2.19 12.50 329           7.77                           24.8
2001 12 30 02 36  2.40 11.76 331           7.85                           24.7
2001 12 30 03 06  2.35 11.76 318           7.68                           24.7
2001 12 30 03 36  2.40 11.76 329           7.70                           24.7
2001 12 30 04 06  2.53 11.76 338           7.92                           24.6
2001 12 30 04 36  2.56 11.76 336           8.06                           24.7
2001 12 30 05 06  2.49 11.11 331           8.15                           24.6
2001 12 30 05 36  2.81 11.11 332           8.59                           24.7
2001 12 30 06 06  2.90 11.76 336           8.87                           24.6
2001 12 30 06 36  2.74 11.76 339           8.99                           24.6
2001 12 30 07 06  3.44 11.76 339           9.58                           24.6
2001 12 30 07 36  3.07 11.76 340           9.46                           24.6
2001 12 30 08 06  3.12 11.11 342           9.28                           24.6
2001 12 30 08 36  3.29 11.11 346           9.71                           24.6
2001 12 30 09 06  3.12 11.11 338           9.48                           24.6
2001 12 30 09 36  3.18 11.11 335           9.88                           24.6
2001 12 30 10 06  3.71 11.76 338           9.89                           24.6
2001 12 30 10 36  3.65 11.11 348           9.93                           24.6
2001 12 30 11 06  3.73 11.76 342           9.78                           24.6
2001 12 30 11 36  3.73 11.76 345           9.62                           24.6
2001 12 30 12 06  3.99 11.76 333           9.76                           24.6
2001 12 30 12 36  4.07 11.11 332          10.20                           24.6
2001 12 30 13 06  4.08 12.50 338          10.02                           24.6
2001 12 30 13 36  3.54 11.76 336           9.74                           24.6
2001 12 30 14 06  3.77 11.11 335           9.87                           24.6
2001 12 30 14 36  3.82 13.33 342          10.01                           24.6
2001 12 30 15 06  3.86 12.50 352           9.90                           24.6
2001 12 30 15 36  3.84 12.50 343          10.03                           24.6
2001 12 30 16 06  4.12 13.33 331          10.23                           24.6
2001 12 30 16 36  4.03 12.50 343          10.18                           24.5
2001 12 30 17 06  3.76 12.50 343           9.61                           24.6
2001 12 30 17 36  3.64 12.50 342           9.39                           24.6
2001 12 30 18 06  3.93 18.18 314          10.04                           24.6
2001 12 30 18 36  3.67 13.33 338           9.56                           24.6
2001 12 30 19 06  3.72 12.50 329           9.42                           24.6
2001 12 30 19 36  4.01 12.50 331          10.13                           24.6
2001 12 30 20 06  3.83 18.18 311          10.10                           24.6
2001 12 30 20 36  3.65 18.18 317          10.03                           24.6
2001 12 30 21 06  3.96 12.50 335          10.11                           24.6
2001 12 30 21 36  3.75 18.18 314          10.42                           24.7
2001 12 30 22 06  3.55 18.18 312           9.90                           24.7
2001 12 30 22 36  3.65 12.50 331          10.16                           24.7
2001 12 30 23 06  3.66 11.76 333           9.67                           24.7
2001 12 30 23 36  3.74 11.76 335           9.70                           24.8
2001 12 31 00 06  3.83 18.18 308           9.81                           24.7
2001 12 31 00 36  4.03 16.67 311           9.77                           24.8
2001 12 31 01 06  3.90 16.67 310           9.80                           24.8
2001 12 31 01 36  4.10 16.67 315           9.88                           24.5
2001 12 31 02 06  4.00 16.67 308           9.76                           24.6
2001 12 31 02 36  4.26 16.67 305           9.83                           24.6
2001 12 31 03 06  4.37 16.67 305           9.99                           24.6
2001 12 31 03 36  4.55 18.18 310           9.99                           24.6
2001 12 31 04 06  4.16 15.38 310           9.57                           24.6
2001 12 31 04 36  4.14 16.67 303           9.75                           24.6
2001 12 31 05 06  3.86 13.33 322           8.85                           24.5
2001 12 31 05 36  3.82 16.67 310           8.87                           24.6
2001 12 31 06 06  4.33 18.18 322           9.67                           24.5
2001 12 31 06 36  3.69 11.76 331           9.01                           24.5
2001 12 31 07 06  4.18 16.67 311           9.48                           24.5
2001 12 31 07 36  4.20 15.38 317           9.40                           24.5
2001 12 31 08 06  4.59 12.50 321          10.10                           24.5
2001 12 31 08 36  4.28 14.29 319           9.65                           24.5
2001 12 31 09 06  4.42 13.33 328           9.71                           24.8
2001 12 31 09 36  4.14 16.67 317           9.78                           24.8
2001 12 31 10 06  4.20 15.38 311           9.66                           24.8
2001 12 31 10 36  4.28 13.33 329           9.30                           24.9
2001 12 31 11 06  4.54 16.67 321          10.00                           24.8
2001 12 31 11 36  4.52 14.29 312           9.52                           24.9
2001 12 31 12 06  4.73 14.29 318          10.10                           24.8
2001 12 31 12 36  4.58 13.33 328           9.53                           24.8
2001 12 31 13 06  4.31 12.50 321           9.09                           24.8
2001 12 31 13 36  4.55 12.50 326           9.47                           24.8
2001 12 31 14 06  4.24 12.50 326           9.35                           24.8
2001 12 31 14 36  4.63 11.76 319           9.51                           24.8
2001 12 31 15 06  5.07 16.67 317           9.93                           24.8
2001 12 31 15 36  4.56 15.38 319           9.11                           24.8
2001 12 31 16 06  4.30 12.50 318           8.76                           24.8
2001 12 31 16 36  4.42 16.67 312           9.09                           24.6
2001 12 31 17 06  4.37 11.76 336           8.86                           24.6
2001 12 31 17 36  4.10 15.38 319           8.67                           24.6
2001 12 31 18 06  4.42 16.67 318           9.11                           24.5
2001 12 31 18 36  3.82 15.38 311           8.88                           24.6
2001 12 31 19 06  3.82 12.50 318           8.51                           24.6
2001 12 31 19 36  3.75 15.38 324           8.79                           24.6
2001 12 31 20 06  3.85 15.38 322           8.95                           24.6
2001 12 31 20 36  4.05 16.67 322           9.10                           24.6
2001 12 31 21 06  3.84 16.67 311           9.01                           24.6
2001 12 31 21 36  3.56 12.50 322           8.21                           24.5
2001 12 31 22 06  3.48 15.38 321           8.62                           24.6
2001 12 31 22 36  3.66 14.29 318           8.71                           24.6
2001 12 31 23 06  3.81 15.38 321           8.98                           24.6
2001 12 31 23 36  4.23 14.29 314           9.49                           24.6