1997 1 1 6.10
1997 1 2 4.88
1997 1 3 3.05
1997 1 4 3.66
1997 1 5 3.66
1997 1 6 3.05
1997 1 7 1.83
1997 1 8 7.92
1997 1 9 6.10
1997 1 10 9.14
1997 1 11 7.32
1997 1 12 9.14
1997 1 13 7.32
1997 1 14 5.49
1997 1 15 3.05
1997 1 16 3.05
1997 1 17 9.14
1997 1 18 4.27
1997 1 19 3.05
1997 1 20 2.44
1997 1 21 2.44
1997 1 22 4.27
1997 1 23 10.97
1997 1 24 6.10
1997 1 25 4.27
1997 1 26 7.32
1997 1 27 4.88
1997 1 28 4.27
1997 1 29 3.66
1997 1 30 7.32
1997 1 31 6.10
1997 2 1 3.05
1997 2 2 1.83
1997 2 3 7.32
1997 2 4 6.10
1997 2 5 4.88
1997 2 6 4.88
1997 2 7 5.49
1997 2 8 7.32
1997 2 9 4.88
1997 2 10 7.32
1997 2 11 9.14
1997 2 12 4.27
1997 2 13 12.19
1997 2 14 9.14
1997 2 15 2.44
1997 2 16 10.97
1997 2 17 3.66
1997 2 18 3.05
1997 2 19 3.05
1997 2 20 1.83
1997 2 21 1.83
1997 2 22 9.14
1997 2 23 7.32
1997 2 24 3.66
1997 2 25 3.66
1997 2 26 4.88
1997 2 27 7.32
1997 2 28 4.27
1997 3 1 3.66
1997 3 2 1.83
1997 3 3 4.88
1997 3 4 3.66
1997 3 5 2.44
1997 3 6 6.10
1997 3 7 3.66
1997 3 8 3.05
1997 3 9 1.83
1997 3 10 2.44
1997 3 11 1.83
1997 3 12 1.22
1997 3 13 1.22
1997 3 14 7.32
1997 3 15 3.05
1997 3 16 3.05
1997 3 17 2.44
1997 3 18 6.10
1997 3 19 3.66
1997 3 20 3.66
1997 3 21 2.44
1997 3 22 1.83
1997 3 23 1.83
1997 3 24 7.32
1997 3 25 4.88
1997 3 26 3.66
1997 3 27 2.44
1997 3 28 2.44
1997 3 29 1.83
1997 3 30 1.83
1997 3 31 3.05
1997 4 1 1.83
1997 4 2 10.97
1997 4 3 7.32
1997 4 4 4.88
1997 4 5 3.66
1997 4 6 1.83
1997 4 7 1.22
1997 4 8 1.22
1997 4 9 0.61
1997 4 10 2.44
1997 4 11 7.32
1997 4 12 4.88
1997 4 13 2.44
1997 4 14 1.83
1997 4 15 3.05
1997 4 16 1.22
1997 4 17 1.22
1997 4 18 1.83
1997 4 19 0.61
1997 4 20 1.83
1997 4 21 7.32
1997 4 22 6.10
1997 4 23 1.83
1997 4 24 4.27
1997 4 25 4.27
1997 4 26 3.66
1997 4 27 2.44
1997 4 28 1.22
1997 4 29 1.83
1997 4 30 1.83
1997 5 1 1.83
1997 5 2 2.44
1997 5 3 2.44
1997 5 4 2.44
1997 5 5 1.83
1997 5 6 0.61
1997 5 7 0.61
1997 5 8 1.22
1997 5 9 1.83
1997 5 10 1.83
1997 5 11 3.66
1997 5 12 3.66
1997 5 13 2.44
1997 5 14 1.83
1997 5 15 3.05
1997 5 16 3.66
1997 5 17 2.44
1997 5 18 2.44
1997 5 19 1.83
1997 5 20 1.83
1997 5 21 1.83
1997 5 22 1.83
1997 5 23 2.44
1997 5 24 4.27
1997 5 25 3.05
1997 5 26 1.83
1997 5 27 1.83
1997 5 28 1.83
1997 5 29 1.83
1997 5 30 2.44
1997 5 31 1.22
1997 6 1 0.61
1997 6 2 0.61
1997 6 3 3.05
1997 6 4 2.44
1997 6 5 1.83
1997 6 6 1.22
1997 6 7 0.61
1997 6 8 0.61
1997 6 9 0.61
1997 6 10 0.61
1997 6 11 0.61
1997 6 12 0.61
1997 6 13 0.61
1997 6 14 0.61
1997 6 15 0.61
1997 6 16 0.61
1997 6 17 0.61
1997 6 18 3.05
1997 6 19 2.44
1997 6 20 1.83
1997 6 21 1.83
1997 6 22 1.22
1997 6 23 0.61
1997 6 24 0.61
1997 6 25 0.61
1997 6 26 0.61
1997 6 27 0.61
1997 6 28 0.61
1997 6 29 0.61
1997 6 30 0.61
1997 7 1 0.61
1997 7 2 0.61
1997 7 3 0.61
1997 7 4 1.83
1997 7 5 2.44
1997 7 6 1.83
1997 7 7 1.22
1997 7 8 0.61
1997 7 9 0.61
1997 7 10 0.61
1997 7 11 0.61
1997 7 12 0.61
1997 7 13 0.61
1997 7 14 0.61
1997 7 15 0.61
1997 7 16 0.61
1997 7 17 0.61
1997 7 18 0.61
1997 7 19 0.61
1997 7 20 0.61
1997 7 21 0.61
1997 7 22 0.61
1997 7 23 0.61
1997 7 24 0.61
1997 7 25 0.61
1997 7 26 0.61
1997 7 27 0.61
1997 7 28 0.61
1997 7 29 0.61
1997 7 30 1.22
1997 7 31 1.83
1997 8 1 0.61
1997 8 2 0.61
1997 8 3 0.61
1997 8 4 0.61
1997 8 5 0.61
1997 8 6 0.61
1997 8 7 0.61
1997 8 8 0.61
1997 8 9 1.22
1997 8 10 1.22
1997 8 11 1.83
1997 8 12 1.22
1997 8 13 2.44
1997 8 14 2.44
1997 8 15 1.22
1997 8 16 1.22
1997 8 17 1.83
1997 8 18 1.22
1997 8 19 0.61
1997 8 20 0.61
1997 8 21 0.61
1997 8 22 0.61
1997 8 23 0.61
1997 8 24 1.22
1997 8 25 1.22
1997 8 26 1.22
1997 8 27 0.61
1997 8 28 0.61
1997 8 29 0.61
1997 8 30 0.61
1997 8 31 0.61
1997 9 1 0.61
1997 9 2 0.61
1997 9 3 0.61
1997 9 4 0.61
1997 9 5 0.61
1997 9 6 0.61
1997 9 7 3.66
1997 9 8 2.44
1997 9 9 0.61
1997 9 10 0.61
1997 9 11 0.61
1997 9 12 0.61
1997 9 13 0.61
1997 9 14 0.61
1997 9 15 0.61
1997 9 16 0.61
1997 9 17 0.61
1997 9 18 1.22
1997 9 19 0.61
1997 9 20 0.61
1997 9 21 0.61
1997 9 22 1.83
1997 9 23 12.19
1997 9 24 9.14
1997 9 25 7.32
1997 9 26 3.66
1997 9 27 2.44
1997 9 28 1.83
1997 9 29 0.61
1997 9 30 0.61
1997 10 1 1.22
1997 10 2 1.83
1997 10 3 3.66
1997 10 4 6.10
1997 10 5 2.44
1997 10 6 1.83
1997 10 7 1.83
1997 10 8 1.83
1997 10 9 1.22
1997 10 10 0.61
1997 10 11 1.83
1997 10 12 2.44
1997 10 13 3.05
1997 10 14 3.05
1997 10 15 3.66
1997 10 16 2.44
1997 10 17 1.83
1997 10 18 1.83
1997 10 19 3.05
1997 10 20 4.27
1997 10 21 2.44
1997 10 22 1.22
1997 10 23 2.44
1997 10 24 2.44
1997 10 25 2.44
1997 10 26 2.44
1997 10 27 3.05
1997 10 28 10.97
1997 10 29 6.10
1997 10 30 2.44
1997 10 31 6.10
1997 11 1 3.66
1997 11 2 4.88
1997 11 3 3.05
1997 11 4 1.83
1997 11 5 6.10
1997 11 6 3.05
1997 11 7 1.83
1997 11 8 4.27
1997 11 9 4.27
1997 11 10 3.66
1997 11 11 5.49
1997 11 12 4.88
1997 11 13 3.66
1997 11 14 3.05
1997 11 15 1.83
1997 11 16 2.44
1997 11 17 3.05
1997 11 18 4.88
1997 11 19 4.27
1997 11 20 2.44
1997 11 21 6.10
1997 11 22 4.88
1997 11 23 3.05
1997 11 24 3.66
1997 11 25 3.05
1997 11 26 3.05
1997 11 27 2.44
1997 11 28 3.05
1997 11 29 6.10
1997 11 30 4.88
1997 12 1 2.44
1997 12 2 7.32
1997 12 3 6.10
1997 12 4 3.66
1997 12 5 3.05
1997 12 6 3.05
1997 12 7 4.27
1997 12 8 3.66
1997 12 9 3.05
1997 12 10 4.88
1997 12 11 7.32
1997 12 12 7.32
1997 12 13 4.88
1997 12 14 3.05
1997 12 15 2.44
1997 12 16 1.83
1997 12 17 3.66
1997 12 18 3.66
1997 12 19 4.88
1997 12 20 4.88
1997 12 21 3.05
1997 12 22 8.53
1997 12 23 6.10
1997 12 24 2.44
1997 12 25 4.88
1997 12 26 3.66
1997 12 27 1.83
1997 12 28 1.83
1997 12 29 7.32
1997 12 30 6.10
1997 12 31 3.05
1998 1 1 9.14
1998 1 2 7.32
1998 1 3 3.66
1998 1 4 6.10
1998 1 5 7.32
1998 1 6 9.75
1998 1 7 7.32
1998 1 8 4.88
1998 1 9 6.10
1998 1 10 10.97
1998 1 11 12.19
1998 1 12 9.14
1998 1 13 7.32
1998 1 14 6.10
1998 1 15 5.49
1998 1 16 4.88
1998 1 17 6.10
1998 1 18 4.88
1998 1 19 3.05
1998 1 20 3.05
1998 1 21 8.53
1998 1 22 4.88
1998 1 23 13.41
1998 1 24 9.75
1998 1 25 12.19
1998 1 26 5.49
1998 1 27 4.27
1998 1 28 21.34
1998 1 29 12.19
1998 1 30 12.80
1998 1 31 7.92
1998 2 1 10.97
1998 2 2 7.92
1998 2 3 4.88
1998 2 4 4.88
1998 2 5 10.97
1998 2 6 9.14
1998 2 7 4.88
1998 2 8 6.10
1998 2 9 6.10
1998 2 10 6.10
1998 2 11 4.88
1998 2 12 12.19
1998 2 13 12.19
1998 2 14 10.36
1998 2 15 7.32
1998 2 16 8.53
1998 2 17 5.49
1998 2 18 3.05
1998 2 19 3.05
1998 2 20 6.10
1998 2 21 7.32
1998 2 22 4.27
1998 2 23 3.66
1998 2 24 2.44
1998 2 25 2.44
1998 2 26 4.27
1998 2 27 3.05
1998 2 28 3.66
1998 3 1 1.83
1998 3 2 1.83
1998 3 3 1.22
1998 3 4 3.05
1998 3 5 2.44
1998 3 6 3.66
1998 3 7 3.05
1998 3 8 2.44
1998 3 9 6.10
1998 3 10 7.32
1998 3 11 4.27
1998 3 12 9.14
1998 3 13 12.19
1998 3 14 10.97
1998 3 15 6.71
1998 3 16 3.66
1998 3 17 6.10
1998 3 18 4.27
1998 3 19 5.49
1998 3 20 5.49
1998 3 21 3.66
1998 3 22 4.88
1998 3 23 7.32
1998 3 24 6.10
1998 3 25 3.66
1998 3 26 2.44
1998 3 27 1.83
1998 3 28 1.83
1998 3 29 1.83
1998 3 30 4.27
1998 3 31 3.05
1998 4 1 1.83
1998 4 2 2.44
1998 4 3 2.44
1998 4 4 1.83
1998 4 5 1.83
1998 4 6 3.05
1998 4 7 1.83
1998 4 8 1.83
1998 4 9 1.83
1998 4 10 2.44
1998 4 11 3.05
1998 4 12 4.27
1998 4 13 3.05
1998 4 14 1.83
1998 4 15 1.83
1998 4 16 3.05
1998 4 17 2.44
1998 4 18 5.49
1998 4 19 4.27
1998 4 20 3.05
1998 4 21 1.83
1998 4 22 2.44
1998 4 23 2.44
1998 4 24 2.44
1998 4 25 2.44
1998 4 26 4.27
1998 4 27 4.27
1998 4 28 3.66
1998 4 29 3.05
1998 4 30 2.44
1998 5 1 2.44
1998 5 2 1.83
1998 5 3 1.22
1998 5 4 1.22
1998 5 5 1.22
1998 5 6 1.83
1998 5 7 1.83
1998 5 8 2.44
1998 5 9 2.44
1998 5 10 1.22
1998 5 11 1.22
1998 5 12 1.83
1998 5 13 1.83
1998 5 14 1.22
1998 5 15 1.22
1998 5 16 1.22
1998 5 17 1.22
1998 5 18 1.83
1998 5 19 1.22
1998 5 20 1.22
1998 5 21 0.61
1998 5 22 0.61
1998 5 23 1.22
1998 5 24 1.22
1998 5 25 1.22
1998 5 26 0.61
1998 5 27 0.61
1998 5 28 1.83
1998 5 29 2.44
1998 5 30 1.22
1998 5 31 1.83
1998 6 1 1.22
1998 6 2 1.83
1998 6 3 1.22
1998 6 4 0.61
1998 6 5 0.61
1998 6 6 0.61
1998 6 7 0.61
1998 6 8 0.61
1998 6 9 0.61
1998 6 10 0.61
1998 6 11 0.61
1998 6 12 0.61
1998 6 13 0.61
1998 6 14 0.61
1998 6 15 0.61
1998 6 16 0.61
1998 6 17 1.83
1998 6 18 1.22
1998 6 19 1.22
1998 6 20 1.22
1998 6 21 1.83
1998 6 22 1.83
1998 6 23 1.22
1998 6 24 1.22
1998 6 25 1.22
1998 6 26 1.22
1998 6 27 0.61
1998 6 28 0.61
1998 6 29 0.61
1998 6 30 1.22
1998 7 1 0.61
1998 7 2 0.61
1998 7 3 0.61
1998 7 4 0.61
1998 7 5 0.61
1998 7 6 0.61
1998 7 7 0.61
1998 7 8 0.61
1998 7 9 0.61
1998 7 10 0.61
1998 7 11 0.61
1998 7 12 0.61
1998 7 13 0.61
1998 7 14 0.61
1998 7 15 0.61
1998 7 16 1.22
1998 7 17 2.44
1998 7 18 1.83
1998 7 19 1.22
1998 7 20 1.22
1998 7 21 0.61
1998 7 22 0.61
1998 7 23 0.61
1998 7 24 0.61
1998 7 25 0.61
1998 7 26 0.61
1998 7 27 0.61
1998 7 28 1.83
1998 7 29 1.83
1998 7 30 1.22
1998 7 31 1.22
1998 8 1 1.22
1998 8 2 1.22
1998 8 3 0.61
1998 8 4 0.61
1998 8 5 0.61
1998 8 6 0.61
1998 8 7 0.61
1998 8 8 0.61
1998 8 9 0.61
1998 8 10 0.61
1998 8 11 0.61
1998 8 12 1.22
1998 8 13 0.61
1998 8 14 1.83
1998 8 15 1.83
1998 8 16 1.22
1998 8 17 0.61
1998 8 18 0.61
1998 8 19 1.22
1998 8 20 1.22
1998 8 21 1.22
1998 8 22 1.22
1998 8 23 1.22
1998 8 24 1.22
1998 8 25 1.22
1998 8 26 1.22
1998 8 27 1.22
1998 8 28 1.22
1998 8 29 1.22
1998 8 30 1.22
1998 8 31 1.83
1998 9 1 1.22
1998 9 2 1.83
1998 9 3 1.83
1998 9 4 1.83
1998 9 5 1.83
1998 9 6 1.83
1998 9 7 2.44
1998 9 8 1.83
1998 9 9 1.22
1998 9 10 2.44
1998 9 11 1.83
1998 9 12 2.44
1998 9 13 1.83
1998 9 14 1.83
1998 9 15 1.22
1998 9 16 1.22
1998 9 17 1.83
1998 9 18 3.05
1998 9 19 3.05
1998 9 20 3.66
1998 9 21 6.10
1998 9 22 4.88
1998 9 23 1.83
1998 9 24 1.22
1998 9 25 0.61
1998 9 26 0.61
1998 9 27 0.61
1998 9 28 0.61
1998 9 29 0.61
1998 9 30 2.44
1998 10 1 0.61
1998 10 2 1.22
1998 10 3 1.22
1998 10 4 1.22
1998 10 5 1.22
1998 10 6 2.44
1998 10 7 1.22
1998 10 8 3.05
1998 10 9 2.44
1998 10 10 1.22
1998 10 11 1.22
1998 10 12 1.83
1998 10 13 2.44
1998 10 14 1.83
1998 10 15 2.44
1998 10 16 1.83
1998 10 17 1.22
1998 10 18 0.61
1998 10 19 0.61
1998 10 20 1.83
1998 10 21 1.83
1998 10 22 4.27
1998 10 23 2.44
1998 10 24 6.10
1998 10 25 4.88
1998 10 26 2.44
1998 10 27 3.05
1998 10 28 7.32
1998 10 29 9.14
1998 10 30 3.05
1998 10 31 4.88
1998 11 1 2.44
1998 11 2 4.88
1998 11 3 3.66
1998 11 4 2.44
1998 11 5 1.83
1998 11 6 1.83
1998 11 7 3.05
1998 11 8 4.27
1998 11 9 8.53
1998 11 10 6.10
1998 11 11 10.97
1998 11 12 9.14
1998 11 13 5.49
1998 11 14 2.44
1998 11 15 2.44
1998 11 16 3.05
1998 11 17 3.66
1998 11 18 2.44
1998 11 19 3.66
1998 11 20 3.66
1998 11 21 3.66
1998 11 22 3.66
1998 11 23 3.05
1998 11 24 2.44
1998 11 25 2.44
1998 11 26 7.92
1998 11 27 4.27
1998 11 28 2.44
1998 11 29 2.44
1998 11 30 5.49
1998 12 1 3.66
1998 12 2 2.44
1998 12 3 4.88
1998 12 4 3.05
1998 12 5 3.05
1998 12 6 2.44
1998 12 7 2.44
1998 12 8 3.66
1998 12 9 7.32
1998 12 10 12.19
1998 12 11 6.10
1998 12 12 3.66
1998 12 13 6.10
1998 12 14 3.66
1998 12 15 9.14
1998 12 16 7.32
1998 12 17 3.66
1998 12 18 9.14
1998 12 19 5.49
1998 12 20 2.44
1998 12 21 3.66
1998 12 22 4.88
1998 12 23 3.66
1998 12 24 1.83
1998 12 25 2.44
1998 12 26 3.05
1998 12 27 7.32
1998 12 28 12.19
1998 12 29 8.53
1998 12 30 4.88
1998 12 31 9.14
1999 1 1 14.02
1999 1 2 9.14
1999 1 3 7.92
1999 1 4 2.44
1999 1 5 3.05
1999 1 6 1.83
1999 1 7 4.27
1999 1 8 9.14
1999 1 9 12.19
1999 1 10 9.14
1999 1 11 4.27
1999 1 12 1.83
1999 1 13 3.05
1999 1 14 3.66
1999 1 15 7.32
1999 1 16 4.27
1999 1 17 2.44
1999 1 18 3.05
1999 1 19 6.10
1999 1 20 6.71
1999 1 21 9.75
1999 1 22 5.49
1999 1 23 4.27
1999 1 24 3.66
1999 1 25 3.66
1999 1 26 3.05
1999 1 27 2.44
1999 1 28 1.83
1999 1 29 1.83
1999 1 30 1.22
1999 1 31 4.27
1999 2 1 3.66
1999 2 2 1.83
1999 2 3 7.32
1999 2 4 6.10
1999 2 5 3.66
1999 2 6 1.83
1999 2 7 1.83
1999 2 8 4.88
1999 2 9 3.05
1999 2 10 3.66
1999 2 11 2.44
1999 2 12 7.32
1999 2 13 6.10
1999 2 14 4.88
1999 2 15 3.66
1999 2 16 3.66
1999 2 17 6.10
1999 2 18 4.88
1999 2 19 4.27
1999 2 20 3.05
1999 2 21 1.83
1999 2 22 1.83
1999 2 23 1.83
1999 2 24 1.83
1999 2 25 3.66
1999 2 26 7.32
1999 2 27 10.97
1999 2 28 7.32
1999 3 1 4.27
1999 3 2 4.27
1999 3 3 3.66
1999 3 4 4.88
1999 3 5 3.66
1999 3 6 1.83
1999 3 7 1.22
1999 3 8 1.83
1999 3 9 3.05
1999 3 10 6.10
1999 3 11 3.66
1999 3 12 1.83
1999 3 13 2.44
1999 3 14 3.05
1999 3 15 1.83
1999 3 16 3.66
1999 3 17 4.88
1999 3 18 2.44
1999 3 19 3.05
1999 3 20 10.97
1999 3 21 9.14
1999 3 22 6.10
1999 3 23 3.05
1999 3 24 9.14
1999 3 25 6.10
1999 3 26 7.32
1999 3 27 5.49
1999 3 28 3.66
1999 3 29 3.05
1999 3 30 2.44
1999 3 31 1.83
1999 4 1 1.83
1999 4 2 1.83
1999 4 3 2.44
1999 4 4 15.24
1999 4 5 6.10
1999 4 6 2.44
1999 4 7 4.27
1999 4 8 2.44
1999 4 9 1.83
1999 4 10 1.83
1999 4 11 1.83
1999 4 12 1.83
1999 4 13 1.22
1999 4 14 1.22
1999 4 15 0.61
1999 4 16 1.22
1999 4 17 1.22
1999 4 18 0.61
1999 4 19 0.61
1999 4 20 1.22
1999 4 21 2.44
1999 4 22 1.83
1999 4 23 1.22
1999 4 24 1.22
1999 4 25 1.83
1999 4 26 3.05
1999 4 27 2.44
1999 4 28 1.83
1999 4 29 1.22
1999 4 30 1.83
1999 5 1 2.44
1999 5 2 1.83
1999 5 3 1.22
1999 5 4 0.61
1999 5 5 0.61
1999 5 6 0.61
1999 5 7 1.83
1999 5 8 1.83
1999 5 9 1.22
1999 5 10 0.61
1999 5 11 0.61
1999 5 12 1.22
1999 5 13 1.83
1999 5 14 1.83
1999 5 15 1.83
1999 5 16 4.27
1999 5 17 3.05
1999 5 18 1.83
1999 5 19 1.22
1999 5 20 1.22
1999 5 21 1.22
1999 5 22 1.83
1999 5 23 3.05
1999 5 24 2.44
1999 5 25 1.83
1999 5 26 1.22
1999 5 27 0.61
1999 5 28 0.61
1999 5 29 0.61
1999 5 30 3.05
1999 5 31 4.27
1999 6 1 1.83
1999 6 2 1.22
1999 6 3 1.22
1999 6 4 1.83
1999 6 5 1.22
1999 6 6 1.22
1999 6 7 1.22
1999 6 8 1.22
1999 6 9 1.22
1999 6 10 0.61
1999 6 11 0.61
1999 6 12 0.61
1999 6 13 2.44
1999 6 14 4.88
1999 6 15 4.27
1999 6 16 3.05
1999 6 17 3.05
1999 6 18 1.83
1999 6 19 0.61
1999 6 20 0.61
1999 6 21 0.61
1999 6 22 0.61
1999 6 23 0.61
1999 6 24 0.61
1999 6 25 0.61
1999 6 26 0.61
1999 6 27 0.61
1999 6 28 0.61
1999 6 29 0.61
1999 6 30 0.61
1999 7 1 0.61
1999 7 2 0.61
1999 7 3 0.00
1999 7 4 0.00
1999 7 5 0.61
1999 7 6 0.61
1999 7 7 0.61
1999 7 8 0.00
1999 7 9 0.61
1999 7 10 0.61
1999 7 11 0.61
1999 7 12 0.61
1999 7 13 1.22
1999 7 14 0.61
1999 7 15 0.61
1999 7 16 0.61
1999 7 17 0.61
1999 7 18 0.61
1999 7 19 1.22
1999 7 20 0.61
1999 7 21 0.61
1999 7 22 0.61
1999 7 23 1.22
1999 7 24 1.22
1999 7 25 1.22
1999 7 26 1.22
1999 7 27 1.22
1999 7 28 1.22
1999 7 29 1.22
1999 7 30 0.61
1999 7 31 0.61
1999 8 1 0.61
1999 8 2 0.61
1999 8 3 0.61
1999 8 4 0.61
1999 8 5 0.61
1999 8 6 0.61
1999 8 7 0.61
1999 8 8 0.61
1999 8 9 0.61
1999 8 10 0.61
1999 8 11 0.61
1999 8 12 0.61
1999 8 13 0.61
1999 8 14 0.61
1999 8 15 1.22
1999 8 16 1.22
1999 8 17 1.22
1999 8 18 0.61
1999 8 19 0.61
1999 8 20 0.61
1999 8 21 0.61
1999 8 22 0.61
1999 8 23 0.61
1999 8 24 0.61
1999 8 25 0.61
1999 8 26 0.61
1999 8 27 0.61
1999 8 28 0.61
1999 8 29 0.61
1999 8 30 1.83
1999 8 31 1.83
1999 9 1 1.83
1999 9 2 1.22
1999 9 3 0.61
1999 9 4 0.61
1999 9 5 0.61
1999 9 6 0.61
1999 9 7 0.61
1999 9 8 1.22
1999 9 9 0.61
1999 9 10 0.61
1999 9 11 0.61
1999 9 12 0.61
1999 9 13 0.61
1999 9 14 0.61
1999 9 15 0.61
1999 9 16 0.61
1999 9 17 0.61
1999 9 18 0.61
1999 9 19 1.22
1999 9 20 4.27
1999 9 21 3.05
1999 9 22 1.83
1999 9 23 1.22
1999 9 24 1.83
1999 9 25 1.22
1999 9 26 1.22
1999 9 27 1.22
1999 9 28 1.83
1999 9 29 1.22
1999 9 30 1.22
1999 10 1 2.44
1999 10 2 1.83
1999 10 3 2.44
1999 10 4 1.83
1999 10 5 1.22
1999 10 6 2.44
1999 10 7 1.83
1999 10 8 3.05
1999 10 9 3.66
1999 10 10 2.44
1999 10 11 2.44
1999 10 12 2.44
1999 10 13 3.66
1999 10 14 3.66
1999 10 15 2.44
1999 10 16 1.22
1999 10 17 1.83
1999 10 18 3.66
1999 10 19 6.10
1999 10 20 3.66
1999 10 21 2.44
1999 10 22 1.22
1999 10 23 1.22
1999 10 24 3.66
1999 10 25 2.44
1999 10 26 1.22
1999 10 27 1.83
1999 10 28 1.22
1999 10 29 3.66
1999 10 30 1.83
1999 10 31 2.44
1999 11 1 1.22
1999 11 2 1.83
1999 11 3 3.05
1999 11 4 3.66
1999 11 5 1.83
1999 11 6 1.83
1999 11 7 3.66
1999 11 8 2.44
1999 11 9 1.22
1999 11 10 5.49
1999 11 11 3.66
1999 11 12 3.05
1999 11 13 2.44
1999 11 14 3.66
1999 11 15 4.88
1999 11 16 7.32
1999 11 17 4.88
1999 11 18 6.10
1999 11 19 7.32
1999 11 20 3.66
1999 11 21 5.49
1999 11 22 4.27
1999 11 23 2.44
1999 11 24 1.83
1999 11 25 1.83
1999 11 26 4.27
1999 11 27 3.66
1999 11 28 3.05
1999 11 29 2.44
1999 11 30 2.44
1999 12 1 3.05
1999 12 2 1.83
1999 12 3 5.49
1999 12 4 12.19
1999 12 5 8.53
1999 12 6 4.27
1999 12 7 9.75
1999 12 8 6.71
1999 12 9 4.27
1999 12 10 2.44
1999 12 11 9.14
1999 12 12 6.10
1999 12 13 1.83
1999 12 14 1.83
1999 12 15 3.05
1999 12 16 3.05
1999 12 17 3.66
1999 12 18 1.83
1999 12 19 9.14
1999 12 20 5.49
1999 12 21 3.66
1999 12 22 6.10
1999 12 23 9.14
1999 12 24 4.27
1999 12 25 10.97
1999 12 26 6.10
1999 12 27 4.88
1999 12 28 3.66
1999 12 29 3.05
1999 12 30 3.66
1999 12 31 7.32
2000 1 1 4.88
2000 1 2 3.05
2000 1 3 2.44
2000 1 4 1.83
2000 1 5 3.66
2000 1 6 4.88
2000 1 7 3.66
2000 1 8 1.83
2000 1 9 3.66
2000 1 10 3.05
2000 1 11 1.83
2000 1 12 2.44
2000 1 13 3.66
2000 1 14 4.88
2000 1 15 5.49
2000 1 16 4.27
2000 1 17 3.05
2000 1 18 2.44
2000 1 19 4.27
2000 1 20 3.66
2000 1 21 3.05
2000 1 22 1.83
2000 1 23 4.88
2000 1 24 4.27
2000 1 25 2.44
2000 1 26 6.10
2000 1 27 4.27
2000 1 28 3.66
2000 1 29 3.66
2000 1 30 3.66
2000 1 31 3.05
2000 2 01 3.05
2000 2 02 2.44
2000 2 03 3.66
2000 2 04 4.88
2000 2 05 4.88
2000 2 06 4.27
2000 2 07 6.10
2000 2 08 5.49
2000 2 09 3.66
2000 2 10 7.32
2000 2 11 7.32
2000 2 12 10.97
2000 2 13 9.14
2000 2 14 7.32
2000 2 15 3.66
2000 2 16 2.44
2000 2 17 1.83
2000 2 18 2.44
2000 2 19 10.97
2000 2 20 9.14
2000 2 21 4.88
2000 2 22 2.44
2000 2 23 3.05
2000 2 24 1.83
2000 2 25 7.32
2000 2 26 6.10
2000 2 27 4.27
2000 2 28 3.05
2000 2 29 6.10
2000 3 1 6.10
2000 3 2 6.10
2000 3 3 2.44
2000 3 4 5.49
2000 3 5 3.66
2000 3 6 2.44
2000 3 7 3.66
2000 3 8 2.44
2000 3 9 4.27
2000 3 10 5.49
2000 3 11 2.44
2000 3 12 1.83
2000 3 13 5.49
2000 3 14 6.10
2000 3 15 10.97
2000 3 16 10.36
2000 3 17 4.88
2000 3 18 4.88
2000 3 19 4.27
2000 3 20 9.75
2000 3 21 9.14
2000 3 22 5.49
2000 3 23 3.05
2000 3 24 10.97
2000 3 25 6.10
2000 3 26 10.97
2000 3 27 6.10
2000 3 28 3.66
2000 3 29 2.44
2000 3 30 2.44
2000 3 31 5.49
2000 4 1 6.10
2000 4 2 6.10
2000 4 3 3.66
2000 4 4 3.05
2000 4 5 3.05
2000 4 6 3.05
2000 4 7 2.44
2000 4 8 1.83
2000 4 9 3.66
2000 4 10 3.05
2000 4 11 3.66
2000 4 12 2.44
2000 4 13 3.66
2000 4 14 3.05
2000 4 15 1.83
2000 4 16 1.22
2000 4 17 1.22
2000 4 18 0.61
2000 4 19 0.61
2000 4 20 1.22
2000 4 21 2.44
2000 4 22 3.66
2000 4 23 2.44
2000 4 24 1.22
2000 4 25 2.44
2000 4 26 1.22
2000 4 27 1.83
2000 4 28 1.83
2000 4 29 1.22
2000 4 30 1.22
2000 5 01 3.05
2000 5 02 1.83
2000 5 03 1.83
2000 5 04 1.22
2000 5 05 0.61
2000 5 06 0.61
2000 5 07 0.61
2000 5 08 0.61
2000 5 09 0.61
2000 5 10 0.61
2000 5 11 0.61
2000 5 12 0.61
2000 5 13 0.61
2000 5 14 0.61
2000 5 15 3.05
2000 5 16 2.44
2000 5 17 2.44
2000 5 18 3.66
2000 5 19 3.05
2000 5 20 1.83
2000 5 21 1.22
2000 5 22 1.22
2000 5 23 1.22
2000 5 24 1.83
2000 5 25 1.22
2000 5 26 3.66
2000 5 27 3.66
2000 5 28 2.44
2000 5 29 1.22
2000 5 30 0.61
2000 5 31 0.61
2000 6 01 0.61
2000 6 02 0.61
2000 6 03 1.22
2000 6 04 1.22
2000 6 05 1.22
2000 6 06 0.61
2000 6 07 0.61
2000 6 08 1.22
2000 6 09 1.22
2000 6 10 1.83
2000 6 11 0.61
2000 6 12 0.61
2000 6 13 1.22
2000 6 14 1.83
2000 6 15 1.22
2000 6 16 1.22
2000 6 17 1.22
2000 6 18 1.83
2000 6 19 1.83
2000 6 20 1.83
2000 6 21 1.22
2000 6 22 0.61
2000 6 23 0.61
2000 6 24 1.22
2000 6 25 1.22
2000 6 26 1.22
2000 6 27 0.61
2000 6 28 0.61
2000 6 29 1.22
2000 6 30 1.22
2000 7 01 0.61
2000 7 02 0.61
2000 7 03 0.61
2000 7 04 0.61
2000 7 05 0.61
2000 7 06 1.22
2000 7 07 1.22
2000 7 08 1.22
2000 7 09 1.22
2000 7 10 0.61
2000 7 11 0.61
2000 7 12 1.83
2000 7 13 1.22
2000 7 14 0.61
2000 7 15 0.61
2000 7 16 0.61
2000 7 17 0.61
2000 7 18 0.61
2000 7 19 0.61
2000 7 20 0.61
2000 7 21 0.61
2000 7 22 0.61
2000 7 23 0.61
2000 7 24 0.61
2000 7 25 1.22
2000 7 26 1.22
2000 7 27 0.61
2000 7 28 0.61
2000 7 29 0.61
2000 7 30 0.61
2000 7 31 1.22
2000 8 1 1.83
2000 8 2 1.22
2000 8 3 0.61
2000 8 4 0.61
2000 8 5 0.61
2000 8 6 1.22
2000 8 7 1.22
2000 8 8 1.22
2000 8 9 1.22
2000 8 10 0.61
2000 8 11 0.61
2000 8 12 0.61
2000 8 13 0.61
2000 8 14 0.61
2000 8 15 0.61
2000 8 16 0.61
2000 8 17 0.61
2000 8 18 1.22
2000 8 19 0.61
2000 8 20 1.83
2000 8 21 1.22
2000 8 22 1.22
2000 8 23 1.22
2000 8 24 0.61
2000 8 25 0.61
2000 8 26 0.61
2000 8 27 0.61
2000 8 28 0.61
2000 8 29 0.61
2000 8 30 0.61
2000 8 31 0.61
2000 9 1 0.61
2000 9 2 0.61
2000 9 3 0.61
2000 9 4 0.61
2000 9 5 0.61
2000 9 6 0.61
2000 9 7 0.61
2000 9 8 0.61
2000 9 9 0.61
2000 9 10 0.61
2000 9 11 0.61
2000 9 12 0.61
2000 9 13 0.61
2000 9 14 0.61
2000 9 15 0.61
2000 9 16 4.88
2000 9 17 5.49
2000 9 18 2.44
2000 9 19 1.22
2000 9 20 6.10
2000 9 21 4.27
2000 9 22 2.44
2000 9 23 2.44
2000 9 24 3.05
2000 9 25 2.44
2000 9 26 3.05
2000 9 27 6.10
2000 9 28 7.32
2000 9 29 7.32
2000 9 30 4.88
2000 10 1 3.05
2000 10 2 3.05
2000 10 3 2.44
2000 10 4 1.83
2000 10 5 2.44
2000 10 6 1.83
2000 10 7 0.61
2000 10 8 1.83
2000 10 9 1.83
2000 10 10 2.44
2000 10 11 1.83
2000 10 12 2.44
2000 10 13 2.44
2000 10 14 1.83
2000 10 15 1.83
2000 10 16 1.83
2000 10 17 3.05
2000 10 18 2.44
2000 10 19 1.83
2000 10 20 2.44
2000 10 21 1.83
2000 10 22 9.14
2000 10 23 7.32
2000 10 24 4.88
2000 10 25 2.44
2000 10 26 2.44
2000 10 27 4.88
2000 10 28 4.27
2000 10 29 2.44
2000 10 30 1.22
2000 10 31 1.83
2000 11 1 2.44
2000 11 2 1.83
2000 11 3 1.83
2000 11 4 1.83
2000 11 5 10.97
2000 11 6 9.14
2000 11 7 7.32
2000 11 8 6.10
2000 11 9 4.27
2000 11 10 3.05
2000 11 11 4.88
2000 11 12 3.66
2000 11 13 4.27
2000 11 14 2.44
2000 11 15 7.32
2000 11 16 4.88
2000 11 17 7.32
2000 11 18 6.10
2000 11 19 7.32
2000 11 20 7.32
2000 11 21 3.66
2000 11 22 9.14
2000 11 23 8.53
2000 11 24 4.88
2000 11 25 9.14
2000 11 26 8.53
2000 11 27 3.66
2000 11 28 2.44
2000 11 29 3.66
2000 11 30 3.66
2000 12 01 3.66
2000 12 02 1.83
2000 12 03 1.83
2000 12 04 3.05
2000 12 05 3.66
2000 12 06 7.32
2000 12 07 3.66
2000 12 08 1.83
2000 12 09 2.44
2000 12 10 3.66
2000 12 11 4.88
2000 12 12 4.88
2000 12 13 3.66
2000 12 14 3.66
2000 12 15 6.10
2000 12 16 5.49
2000 12 17 6.71
2000 12 18 4.88
2000 12 19 3.66
2000 12 20 12.19
2000 12 21 10.36
2000 12 22 6.10
2000 12 23 7.32
2000 12 24 4.27
2000 12 25 12.19
2000 12 26 9.14
2000 12 27 3.66
2000 12 28 2.44
2000 12 29 7.32
2000 12 30 7.92
2000 12 31 5.49
2001 1 1 3.05
2001 1 2 6.10
2001 1 3 4.88
2001 1 4 9.14
2001 1 5 5.49
2001 1 6 5.49
2001 1 7 4.27
2001 1 8 4.88
2001 1 9 4.88
2001 1 10 3.66
2001 1 11 2.44
2001 1 12 12.19
2001 1 13 9.14
2001 1 14 4.27
2001 1 15 4.88
2001 1 16 4.88
2001 1 17 15.24
2001 1 18 9.14
2001 1 19 7.32
2001 1 20 4.27
2001 1 21 3.66
2001 1 22 3.05
2001 1 23 3.05
2001 1 24 1.83
2001 1 25 4.88
2001 1 26 5.49
2001 1 27 3.05
2001 1 28 3.05
2001 1 29 3.05
2001 1 30 1.22
2001 1 31 9.14
2001 2 1 7.32
2001 2 2 3.66
2001 2 3 1.83
2001 2 4 3.66
2001 2 5 3.66
2001 2 6 4.27
2001 2 7 4.88
2001 2 8 5.49
2001 2 9 2.44
2001 2 10 1.22
2001 2 11 1.83
2001 2 12 1.22
2001 2 13 2.44
2001 2 14 3.05
2001 2 15 3.05
2001 2 16 1.83
2001 2 17 1.83
2001 2 18 1.83
2001 2 19 1.83
2001 2 20 9.14
2001 2 21 7.32
2001 2 22 4.27
2001 2 23 3.05
2001 2 24 7.32
2001 2 25 5.49
2001 2 26 9.14
2001 2 27 7.32
2001 2 28 5.49
2001 3 01 4.88
2001 3 02 3.66
2001 3 03 3.66
2001 3 04 2.44
2001 3 05 3.05
2001 3 06 7.32
2001 3 07 6.10
2001 3 08 3.66
2001 3 09 7.32
2001 3 10 9.14
2001 3 11 6.10
2001 3 12 6.10
2001 3 13 4.88
2001 3 14 2.44
2001 3 15 2.44
2001 3 16 4.27
2001 3 17 8.53
2001 3 18 4.88
2001 3 19 2.44
2001 3 20 3.66
2001 3 21 2.44
2001 3 22 4.88
2001 3 23 6.10
2001 3 24 3.05
2001 3 25 2.44
2001 3 26 2.44
2001 3 27 2.44
2001 3 28 1.83
2001 3 29 1.83
2001 3 30 1.83
2001 3 31 1.22
2001 4 1 1.22
2001 4 2 1.83
2001 4 3 6.10
2001 4 4 4.27
2001 4 5 2.44
2001 4 6 1.83
2001 4 7 1.83
2001 4 8 1.83
2001 4 9 1.83
2001 4 10 1.83
2001 4 11 1.83
2001 4 12 1.83
2001 4 13 1.83
2001 4 14 1.22
2001 4 15 1.22
2001 4 16 1.22
2001 4 17 1.83
2001 4 18 2.44
2001 4 19 1.83
2001 4 20 1.83
2001 4 21 1.22
2001 4 22 1.83
2001 4 23 1.22
2001 4 24 1.83
2001 4 25 1.83
2001 4 26 2.44
2001 4 27 3.66
2001 4 28 3.05
2001 4 29 1.83
2001 4 30 1.22
2001 5 1 3.05
2001 5 2 1.83
2001 5 3 0.61
2001 5 4 1.83
2001 5 5 1.22
2001 5 6 0.61
2001 5 7 0.61
2001 5 8 0.61
2001 5 9 0.61
2001 5 10 0.61
2001 5 11 1.83
2001 5 12 1.22
2001 5 13 0.61
2001 5 14 0.61
2001 5 15 0.61
2001 5 16 0.61
2001 5 17 1.83
2001 5 18 1.22
2001 5 19 0.61
2001 5 20 0.61
2001 5 21 0.61
2001 5 22 1.22
2001 5 23 0.61
2001 5 24 0.61
2001 5 25 0.61
2001 5 26 0.61
2001 5 27 0.61
2001 5 28 0.61
2001 5 29 0.61
2001 5 30 0.61
2001 5 30 0.61
2001 6 1 0.61
2001 6 2 0.61
2001 6 3 1.83
2001 6 4 1.22
2001 6 5 0.61
2001 6 6 0.61
2001 6 7 0.61
2001 6 8 0.61
2001 6 9 0.61
2001 6 10 0.61
2001 6 11 0.61
2001 6 12 0.61
2001 6 13 0.61
2001 6 14 0.61
2001 6 15 0.61
2001 6 16 0.61
2001 6 17 0.61
2001 6 18 0.61
2001 6 19 0.61
2001 6 20 0.61
2001 6 21 0.61
2001 6 22 1.22
2001 6 23 1.22
2001 6 24 1.22
2001 6 25 1.22
2001 6 26 1.22
2001 6 27 0.61
2001 6 28 0.61
2001 6 29 0.61
2001 6 30 1.22
2001 7 1 1.22
2001 7 2 1.22
2001 7 3 0.61
2001 7 4 0.61
2001 7 5 0.61
2001 7 6 0.61
2001 7 7 0.61
2001 7 8 0.61
2001 7 9 1.22
2001 7 10 1.22
2001 7 11 0.61
2001 7 12 0.61
2001 7 13 0.61
2001 7 14 0.61
2001 7 15 0.61
2001 7 16 0.61
2001 7 17 0.61
2001 7 18 0.61
2001 7 19 0.61
2001 7 20 0.61
2001 7 21 0.61
2001 7 22 0.61
2001 7 23 0.61
2001 7 24 0.61
2001 7 25 0.61
2001 7 26 0.61
2001 7 27 0.61
2001 7 28 0.61
2001 7 29 0.61
2001 7 30 1.22
2001 7 31 1.83
2001 8 1 1.83
2001 8 2 2.44
2001 8 3 1.22
2001 8 4 1.22
2001 8 5 0.61
2001 8 6 0.61
2001 8 7 0.61
2001 8 8 0.61
2001 8 9 0.61
2001 8 10 0.61
2001 8 11 0.61
2001 8 12 0.61
2001 8 13 0.61
2001 8 14 0.61
2001 8 15 0.61
2001 8 16 0.61
2001 8 17 0.61
2001 8 18 0.61
2001 8 19 0.61
2001 8 20 0.61
2001 8 21 0.61
2001 8 22 0.61
2001 8 23 1.22
2001 8 24 1.83
2001 8 25 1.83
2001 8 26 1.83
2001 8 27 1.83
2001 8 28 1.83
2001 8 29 1.22
2001 8 30 0.61
2001 8 31 0.61
2001 9 1 1.22
2001 9 2 1.83
2001 9 3 1.83
2001 9 4 1.22
2001 9 5 1.22
2001 9 6 0.61
2001 9 7 1.22
2001 9 8 0.61
2001 9 9 1.83
2001 9 10 1.83
2001 9 11 1.83
2001 9 12 1.22
2001 9 13 1.22
2001 9 14 0.61
2001 9 15 1.83
2001 9 16 3.05
2001 9 17 6.10
2001 9 18 3.66
2001 9 19 1.83
2001 9 20 1.22
2001 9 21 0.61
2001 9 22 0.61
2001 9 23 0.61
2001 9 24 4.27
2001 9 25 3.66
2001 9 26 3.66
2001 9 27 3.05
2001 9 28 1.83
2001 9 29 1.22
2001 9 30 1.83
2001 10 1 3.05
2001 10 2 4.88
2001 10 3 4.88
2001 10 4 2.44
2001 10 5 2.44
2001 10 6 3.66
2001 10 7 2.44
2001 10 8 1.83
2001 10 9 1.83
2001 10 10 1.83
2001 10 11 3.05
2001 10 12 1.83
2001 10 13 4.88
2001 10 14 4.27
2001 10 15 2.44
2001 10 16 3.05
2001 10 17 1.83
2001 10 18 1.83
2001 10 19 1.83
2001 10 20 1.83
2001 10 21 1.83
2001 10 22 1.22
2001 10 23 1.83
2001 10 24 1.22
2001 10 25 1.22
2001 10 26 1.83
2001 10 27 4.27
2001 10 28 4.27
2001 10 29 3.05
2001 10 30 3.66
2001 10 31 4.27
2001 11 1 2.44
2001 11 2 4.88
2001 11 3 4.27
2001 11 4 3.05
2001 11 5 3.05
2001 11 6 2.44
2001 11 7 1.83
2001 11 8 9.75
2001 11 9 7.32
2001 11 10 3.66
2001 11 11 3.05
2001 11 12 5.49
2001 11 13 2.44
2001 11 14 4.88
2001 11 15 4.27
2001 11 16 4.27
2001 11 17 4.27
2001 11 18 4.88
2001 11 19 10.97
2001 11 20 7.32
2001 11 21 9.14
2001 11 22 4.27
2001 11 22 5.49
2001 11 23 7.32
2001 11 24 5.49
2001 11 25 2.44
2001 11 26 6.10
2001 11 27 7.32
2001 11 28 5.49
2001 11 29 3.66
2001 11 30 3.05
2001 12 1 3.05
2001 12 2 3.05
2001 12 3 3.05
2001 12 4 2.44
2001 12 5 3.66
2001 12 6 9.14
2001 12 7 7.32
2001 12 8 4.27
2001 12 9 3.05
2001 12 10 3.05
2001 12 11 3.05
2001 12 12 3.66
2001 12 13 3.66
2001 12 14 1.83
2001 12 15 1.22
2001 12 16 7.32
2001 12 17 4.88
2001 12 18 2.44
2001 12 19 3.05
2001 12 20 3.66
2001 12 21 3.05
2001 12 22 3.05
2001 12 23 6.10
2001 12 24 7.32
2001 12 25 3.66
2001 12 26 13.41
2001 12 27 14.63
2001 12 28 9.14
2001 12 29 4.88
2001 12 30 10.36
2001 12 31 10.97
2002 1 1 10.97
2002 1 2 7.32
2002 1 3 6.10
2002 1 4 10.36
2002 1 5 5.49
2002 1 6 12.19
2002 1 7 16.46
2002 1 8 8.53
2002 1 9 9.14
2002 1 10 9.14
2002 1 11 4.88
2002 1 12 3.05
2002 1 13 1.83
2002 1 14 2.44
2002 1 15 8.53
2002 1 16 4.88
2002 1 17 4.88
2002 1 18 3.66
2002 1 19 3.66
2002 1 20 3.66
2002 1 21 3.05
2002 1 22 2.44
2002 1 23 2.44
2002 1 24 1.83
2002 1 25 2.44
2002 1 26 2.44
2002 1 27 4.88
2002 1 28 3.66
2002 1 29 2.44
2002 1 30 2.44
2002 1 31 3.66
2002 2 1 4.88
2002 2 2 4.27
2002 2 3 3.66
2002 2 4 3.66
2002 2 5 5.49
2002 2 6 6.10
2002 2 7 3.66
2002 2 8 3.66
2002 2 9 9.14
2002 2 10 6.10
2002 2 11 3.66
2002 2 12 7.32
2002 2 13 4.27
2002 2 14 4.88
2002 2 15 6.10
2002 2 16 2.44
2002 2 17 1.22
2002 2 18 1.83
2002 2 19 2.44
2002 2 20 6.10
2002 2 21 6.10
2002 2 22 3.05
2002 2 23 3.66
2002 2 24 7.32
2002 2 25 3.66
2002 2 26 2.44
2002 2 27 1.83
2002 2 28 3.05
2002 3 1 1.83
2002 3 2 2.44
2002 3 3 3.05
2002 3 4 2.44
2002 3 5 2.44
2002 3 6 1.83
2002 3 7 1.83
2002 3 8 2.44
2002 3 9 2.44
2002 3 10 4.88
2002 3 11 3.05
2002 3 12 5.49
2002 3 13 4.27
2002 3 14 2.44
2002 3 15 1.83
2002 3 16 3.05
2002 3 17 3.05
2002 3 18 2.44
2002 3 19 3.05
2002 3 20 2.44
2002 3 21 3.05
2002 3 22 2.44
2002 3 23 1.22
2002 3 24 4.27
2002 3 25 3.66
2002 3 26 2.44
2002 3 27 1.83
2002 3 28 1.22
2002 3 29 0.61
2002 3 30 4.88
2002 3 31 10.36
2002 4 1 8.53
2002 4 2 7.32
2002 4 3 4.27
2002 4 4 2.44
2002 4 5 1.83
2002 4 6 3.66
2002 4 7 3.05
2002 4 8 3.66
2002 4 9 3.05
2002 4 10 2.44
2002 4 11 1.83
2002 4 12 2.44
2002 4 13 3.05
2002 4 14 1.83
2002 4 15 2.44
2002 4 16 1.83
2002 4 17 1.22
2002 4 18 1.83
2002 4 19 0.61
2002 4 20 3.66
2002 4 21 3.66
2002 4 22 3.05
2002 4 23 1.22
2002 4 24 0.61
2002 4 25 0.61
2002 4 26 0.61
2002 4 27 0.61
2002 4 28 1.22
2002 4 29 1.22
2002 4 30 2.44
2002 5 1 1.22
2002 5 2 1.22
2002 5 3 1.22
2002 5 4 1.22
2002 5 5 1.83
2002 5 6 1.22
2002 5 7 1.22
2002 5 8 0.61
2002 5 9 0.61
2002 5 10 0.61
2002 5 11 1.22
2002 5 12 1.22
2002 5 13 1.22
2002 5 14 1.22
2002 5 15 2.44
2002 5 16 2.44
2002 5 17 1.83
2002 5 18 0.61
2002 5 19 0.61
2002 5 20 0.61
2002 5 21 1.22
2002 5 22 1.22
2002 5 23 1.22
2002 5 24 1.22
2002 5 25 1.83
2002 5 26 1.83
2002 5 27 1.22
2002 5 28 0.61
2002 5 29 4.27
2002 5 30 4.27
2002 5 31 1.83
2002 6 1 0.61
2002 6 2 0.61
2002 6 3 0.61
2002 6 4 1.22
2002 6 5 1.22
2002 6 6 0.61
2002 6 7 0.61
2002 6 8 1.22
2002 6 9 1.22
2002 6 10 1.22
2002 6 11 1.22
2002 6 12 1.22
2002 6 13 1.22
2002 6 14 0.61
2002 6 15 0.61
2002 6 16 1.22
2002 6 17 1.83
2002 6 18 1.22
2002 6 19 0.61
2002 6 20 0.61
2002 6 21 0.61
2002 6 22 1.22
2002 6 23 1.22
2002 6 24 3.05
2002 6 25 1.83
2002 6 26 1.22
2002 6 27 1.22
2002 6 28 0.61
2002 6 29 0.61
2002 6 30 0.61
2002 7 1 0.61
2002 7 2 0.61
2002 7 3 0.61
2002 7 4 0.61
2002 7 5 0.61
2002 7 6 0.61
2002 7 7 0.61
2002 7 8 0.61
2002 7 9 0.61
2002 7 10 2.44
2002 7 11 2.44
2002 7 12 1.83
2002 7 13 0.61
2002 7 14 1.83
2002 7 15 1.83
2002 7 16 1.22
2002 7 17 1.22
2002 7 18 1.22
2002 7 19 0.61
2002 7 20 0.61
2002 7 21 0.61
2002 7 22 0.61
2002 7 23 0.61
2002 7 24 1.22
2002 7 25 1.22
2002 7 26 0.61
2002 7 27 0.61
2002 7 28 1.22
2002 7 29 1.83
2002 7 30 1.83
2002 7 31 1.22
2002 8 1 1.22
2002 8 2 0.61
2002 8 3 0.61
2002 8 4 0.61
2002 8 5 0.61
2002 8 6 0.61
2002 8 7 0.61
2002 8 8 0.61
2002 8 9 0.61
2002 8 10 0.61
2002 8 11 0.61
2002 8 12 0.61
2002 8 13 0.61
2002 8 14 0.61
2002 8 15 0.61
2002 8 16 0.61
2002 8 17 0.61
2002 8 18 0.61
2002 8 19 0.61
2002 8 20 0.61
2002 8 21 0.61
2002 8 22 0.61
2002 8 23 1.22
2002 8 24 2.44
2002 8 25 2.44
2002 8 26 3.05
2002 8 27 2.44
2002 8 28 3.05
2002 8 29 2.44
2002 8 30 1.83
2002 8 31 0.61
2002 9 1 1.83
2002 9 2 1.83
2002 9 3 1.22
2002 9 4 0.61
2002 9 5 0.61
2002 9 6 0.61
2002 9 7 1.22
2002 9 8 1.83
2002 9 9 1.22
2002 9 10 0.61
2002 9 11 0.61
2002 9 12 0.61
2002 9 13 0.61
2002 9 14 1.22
2002 9 15 1.83
2002 9 16 1.22
2002 9 17 1.22
2002 9 18 0.61
2002 9 19 0.61
2002 9 20 2.44
2002 9 21 3.05
2002 9 22 3.05
2002 9 23 3.66
2002 9 24 1.83
2002 9 25 1.83
2002 9 26 2.44
2002 9 27 2.44
2002 9 28 4.27
2002 9 29 3.66
2002 9 30 1.83
2002 10 1 1.22
2002 10 2 1.22
2002 10 3 0.61
2002 10 4 1.22
2002 10 5 1.22
2002 10 6 3.05
2002 10 7 2.44
2002 10 8 1.22
2002 10 9 0.61
2002 10 10 1.22
2002 10 11 1.22
2002 10 12 1.83
2002 10 13 3.66
2002 10 14 3.66
2002 10 15 5.49
2002 10 16 6.10
2002 10 17 4.88
2002 10 18 10.97
2002 10 19 9.14
2002 10 20 4.27
2002 10 21 2.44
2002 10 22 2.44
2002 10 23 1.83
2002 10 24 3.05
2002 10 25 3.05
2002 10 26 4.88
2002 10 27 3.66
2002 10 28 12.19
2002 10 29 12.19
2002 10 30 6.71
2002 10 31 4.27
2002 11 1 3.05
2002 11 2 1.83
2002 11 3 2.44
2002 11 4 4.88
2002 11 5 3.66
2002 11 6 3.05
2002 11 7 3.66
2002 11 8 3.66
2002 11 9 3.05
2002 11 10 2.44
2002 11 11 3.66
2002 11 12 3.66
2002 11 13 3.05
2002 11 14 3.05
2002 11 15 4.88
2002 11 16 3.66
2002 11 17 3.05
2002 11 18 1.83
2002 11 19 3.66
2002 11 20 8.53
2002 11 21 7.32
2002 11 22 4.88
2002 11 23 9.14
2002 11 24 5.49
2002 11 25 12.19
2002 11 26 16.46
2002 11 27 9.75
2002 11 28 4.88
2002 11 29 9.14
2002 11 30 10.97
2002 12 1 5.49
2002 12 2 8.53
2002 12 3 6.10
2002 12 4 7.32
2002 12 5 6.10
2002 12 6 10.36
2002 12 7 8.53
2002 12 8 4.88
2002 12 9 3.05
2002 12 10 4.27
2002 12 11 4.88
2002 12 12 4.27
2002 12 13 3.05
2002 12 14 12.19
2002 12 15 13.41
2002 12 16 7.32
2002 12 17 6.10
2002 12 18 3.05
2002 12 19 2.44
2002 12 20 2.44
2002 12 21 8.53
2002 12 22 6.10
2002 12 23 3.66
2002 12 24 3.05
2002 12 25 3.05
2002 12 26 2.44
2002 12 27 1.83
2002 12 28 1.83
2002 12 29 1.83
2002 12 30 4.27
2002 12 31 6.10
2003 1 1 4.88
2003 1 2 9.14
2003 1 3 10.97
2003 1 4 9.14
2003 1 5 15.24
2003 1 6 12.19
2003 1 7 9.14
2003 1 8 3.05
2003 1 9 7.32
2003 1 10 15.24
2003 1 11 9.14
2003 1 12 4.88
2003 1 13 4.27
2003 1 14 1.83
2003 1 15 4.88
2003 1 16 10.36
2003 1 17 9.14
2003 1 18 3.66
2003 1 19 14.02
2003 1 20 10.97
2003 1 21 9.14
2003 1 22 7.32
2003 1 23 10.97
2003 1 24 7.32
2003 1 25 15.24
2003 1 26 7.32
2003 1 27 4.88
2003 1 28 4.88
2003 1 29 9.14
2003 1 30 5.49
2003 1 31 3.66
2003 2 1 2.44
2003 2 2 1.83
2003 2 3 4.27
2003 2 4 4.27
2003 2 5 6.10
2003 2 6 9.14
2003 2 7 7.32
2003 2 8 5.49
2003 2 9 3.66
2003 2 10 3.05
2003 2 11 4.27
2003 2 12 3.05
2003 2 13 2.44
2003 2 14 2.44
2003 2 15 3.05
2003 2 16 1.83
2003 2 17 1.83
2003 2 18 1.22
2003 2 19 4.27
2003 2 20 9.14
2003 2 21 5.49
2003 2 22 5.49
2003 2 23 4.27
2003 2 24 9.14
2003 2 25 7.32
2003 2 26 4.27
2003 2 27 3.05
2003 2 28 7.32
2003 3 1 9.14
2003 3 2 3.66
2003 3 3 6.10
2003 3 4 4.88
2003 3 5 4.88
2003 3 6 4.27
2003 3 7 4.27
2003 3 8 2.44
2003 3 9 1.83
2003 3 10 3.05
2003 3 11 4.27
2003 3 12 2.44
2003 3 13 7.32
2003 3 14 6.10
2003 3 15 3.05
2003 3 16 1.83
2003 3 17 4.27
2003 3 18 3.05
2003 3 19 4.88
2003 3 20 4.27
2003 3 21 4.88
2003 3 22 2.44
2003 3 23 1.83
2003 3 24 0.61
2003 3 25 4.88
2003 3 26 4.88
2003 3 27 4.88
2003 3 28 7.32
2003 3 29 5.49
2003 3 30 3.05
2003 3 31 3.66
2003 4 1 3.05
2003 4 2 1.22
2003 4 3 0.61
2003 4 4 0.61
2003 4 5 1.22
2003 4 6 0.61
2003 4 7 2.44
2003 4 8 1.22
2003 4 9 1.22
2003 4 10 2.44
2003 4 11 4.88
2003 4 12 2.44
2003 4 13 1.22
2003 4 14 1.22
2003 4 15 1.22
2003 4 16 1.83
2003 4 17 1.22
2003 4 18 0.61
2003 4 19 0.61
2003 4 20 1.83
2003 4 21 1.83
2003 4 22 1.22
2003 4 23 2.44
2003 4 24 2.44
2003 4 25 2.44
2003 4 26 2.44
2003 4 27 2.44
2003 4 28 1.22
2003 4 29 1.22
2003 4 30 2.44
2003 5 1 1.83
2003 5 2 3.66
2003 5 3 3.05
2003 5 4 2.44
2003 5 5 4.88
2003 5 6 3.05
2003 5 7 1.83
2003 5 8 0.61
2003 5 9 0.61
2003 5 10 0.61
2003 5 11 0.61
2003 5 12 1.22
2003 5 13 1.22
2003 5 14 1.22
2003 5 15 1.22
2003 5 16 0.61
2003 5 17 0.61
2003 5 18 0.61
2003 5 19 0.61
2003 5 20 1.22
2003 5 21 2.44
2003 5 22 2.44
2003 5 23 1.83
2003 5 24 1.83
2003 5 25 1.22
2003 5 26 3.05
2003 5 27 2.44
2003 5 28 1.83
2003 5 29 2.44
2003 5 30 6.10
2003 5 31 4.88
2003 6 1 3.05
2003 6 2 2.44
2003 6 3 1.83
2003 6 4 3.05
2003 6 5 2.44
2003 6 6 1.83
2003 6 7 1.22
2003 6 8 0.61
2003 6 9 0.61
2003 6 10 0.61
2003 6 11 0.61
2003 6 12 0.61
2003 6 13 0.61
2003 6 14 0.61
2003 6 15 0.61
2003 6 16 0.61
2003 6 17 0.61
2003 6 18 0.61
2003 6 19 0.61
2003 6 20 0.61
2003 6 21 0.61
2003 6 22 0.61
2003 6 23 0.61
2003 6 24 0.61
2003 6 25 0.61
2003 6 26 1.22
2003 6 27 1.22
2003 6 28 1.22
2003 6 29 0.61
2003 6 30 0.61
2003 7 1 0.61
2003 7 2 0.61
2003 7 3 0.61
2003 7 4 0.61
2003 7 5 0.61
2003 7 6 0.61
2003 7 7 0.61
2003 7 8 1.22
2003 7 9 1.22
2003 7 10 1.22
2003 7 11 1.22
2003 7 12 1.83
2003 7 13 2.44
2003 7 14 1.83
2003 7 15 1.22
2003 7 16 1.22
2003 7 17 1.22
2003 7 18 1.22
2003 7 19 0.61
2003 7 20 1.83
2003 7 21 2.44
2003 7 22 1.83
2003 7 23 1.22
2003 7 24 1.22
2003 7 25 0.61
2003 7 26 0.61
2003 7 27 0.61
2003 7 28 0.61
2003 7 29 0.61
2003 7 30 0.61
2003 7 31 0.61
2003 8 1 0.61
2003 8 2 1.22
2003 8 3 1.22
2003 8 4 1.22
2003 8 5 0.61
2003 8 6 0.61
2003 8 7 0.61
2003 8 8 0.61
2003 8 9 0.61
2003 8 10 1.22
2003 8 11 1.22
2003 8 12 1.22
2003 8 13 1.22
2003 8 14 1.22
2003 8 15 1.22
2003 8 16 1.22
2003 8 17 1.22
2003 8 18 1.22
2003 8 19 0.61
2003 8 20 0.61
2003 8 21 0.61
2003 8 22 0.61
2003 8 23 0.61
2003 8 24 0.61
2003 8 25 0.61
2003 8 26 1.22
2003 8 27 1.83
2003 8 28 1.83
2003 8 29 1.83
2003 8 30 0.61
2003 8 31 0.61
2003 9 1 1.22
2003 9 2 0.61
2003 9 3 1.22
2003 9 4 1.22
2003 9 5 0.61
2003 9 6 0.61
2003 9 7 0.61
2003 9 8 0.61
2003 9 9 0.61
2003 9 10 0.61
2003 9 11 1.22
2003 9 12 1.22
2003 9 13 0.61
2003 9 14 0.61
2003 9 15 0.61
2003 9 16 1.22
2003 9 17 1.22
2003 9 18 1.22
2003 9 19 0.61
2003 9 20 0.61
2003 9 21 1.22
2003 9 22 1.22
2003 9 23 1.83
2003 9 24 2.44
2003 9 25 1.22
2003 9 26 2.44
2003 9 27 3.05
2003 9 28 2.44
2003 9 29 2.44
2003 9 30 2.44
2003 10 1 3.05
2003 10 2 3.05
2003 10 3 7.32
2003 10 4 6.10
2003 10 5 6.10
2003 10 6 3.66
2003 10 7 3.05
2003 10 8 2.44
2003 10 9 1.83
2003 10 10 1.83
2003 10 11 1.22
2003 10 12 1.83
2003 10 13 1.83
2003 10 14 1.22
2003 10 15 1.83
2003 10 16 3.05
2003 10 17 4.27
2003 10 18 6.71
2003 10 19 4.27
2003 10 20 3.05
2003 10 21 3.05
2003 10 22 2.44
2003 10 23 1.83
2003 10 24 1.22
2003 10 25 4.88
2003 10 26 4.88
2003 10 27 2.44
2003 10 28 2.44
2003 10 29 2.44
2003 10 30 1.83
2003 10 31 1.22
2003 11 1 4.88
2003 11 2 2.44
2003 11 3 3.05
2003 11 4 4.27
2003 11 5 4.27
2003 11 6 3.05
2003 11 7 2.44
2003 11 8 1.83
2003 11 9 3.05
2003 11 10 2.44
2003 11 11 2.44
2003 11 12 2.44
2003 11 13 1.83
2003 11 14 1.83
2003 11 15 1.83
2003 11 16 1.83
2003 11 17 1.83
2003 11 18 1.83
2003 11 19 4.88
2003 11 20 6.10
2003 11 21 9.14
2003 11 22 7.32
2003 11 23 4.27
2003 11 24 3.05
2003 11 25 4.27
2003 11 26 3.66
2003 11 27 2.44
2003 11 28 9.14
2003 11 29 7.32
2003 11 30 4.88
2003 12 1 1.83
2003 12 2 6.10
2003 12 3 6.10
2003 12 4 3.05
2003 12 5 6.10
2003 12 6 6.10
2003 12 7 3.66
2003 12 8 3.66
2003 12 9 3.66
2003 12 10 3.66
2003 12 11 7.32
2003 12 12 7.32
2003 12 13 5.49
2003 12 14 3.05
2003 12 15 3.05
2003 12 16 5.49
2003 12 17 9.14
2003 12 18 6.10
2003 12 19 4.88
2003 12 20 5.49
2003 12 21 9.14
2003 12 22 7.32
2003 12 23 4.88
2003 12 24 3.66
2003 12 25 3.05
2003 12 26 2.44
2003 12 27 1.83
2003 12 28 3.05
2003 12 29 3.05
2003 12 30 3.05
2003 12 31 4.27
2004 1 1 3.05
2004 1 2 2.44
2004 1 3 2.44
2004 1 4 3.05
2004 1 5 9.14
2004 1 6 6.10
2004 1 7 2.44
2004 1 8 2.44
2004 1 9 3.05
2004 1 10 16.46
2004 1 11 7.32
2004 1 12 3.05
2004 1 13 10.97
2004 1 14 6.10
2004 1 15 10.97
2004 1 16 10.97
2004 1 17 4.88
2004 1 18 5.49
2004 1 19 7.32
2004 1 20 7.32
2004 1 21 7.32
2004 1 22 10.97
2004 1 23 4.27
2004 1 24 9.14
2004 1 25 5.49
2004 1 26 2.44
2004 1 27 4.88
2004 1 28 4.88
2004 1 29 3.05
2004 1 30 2.44
2004 1 31 2.44
2004 2 1 4.27
2004 2 2 2.44
2004 2 3 1.83
2004 2 4 5.49
2004 2 5 4.88
2004 2 6 3.66
2004 2 7 1.83
2004 2 8 2.44
2004 2 9 3.66
2004 2 10 6.10
2004 2 11 8.53
2004 2 12 8.53
2004 2 13 8.53
2004 2 14 6.10
2004 2 15 3.05
2004 2 16 2.44
2004 2 17 4.27
2004 2 18 3.05
2004 2 19 9.14
2004 2 20 8.53
2004 2 21 7.92
2004 2 22 7.32
2004 2 23 5.49
2004 2 24 3.05
2004 2 25 3.05
2004 2 26 2.44
2004 2 27 9.14
2004 2 28 13.41
2004 2 29 7.32
2004 3 1 3.05
2004 3 2 10.97
2004 3 3 7.32
2004 3 4 4.27
2004 3 5 3.05
2004 3 6 2.44
2004 3 7 1.83
2004 3 8 2.44
2004 3 9 4.88
2004 3 10 4.88
2004 3 11 5.49
2004 3 12 7.32
2004 3 13 4.27
2004 3 14 3.66
2004 3 15 3.66
2004 3 16 3.66
2004 3 17 2.44
2004 3 18 2.44
2004 3 19 3.05
2004 3 20 4.88
2004 3 21 4.27
2004 3 22 6.10
2004 3 23 4.27
2004 3 24 7.32
2004 3 25 3.66
2004 3 26 3.05
2004 3 27 2.44
2004 3 28 1.22
2004 3 29 2.44
2004 3 30 2.44
2004 3 31 4.27
2004 4 1 4.27
2004 4 2 4.88
2004 4 3 4.88
2004 4 4 3.05
2004 4 5 2.44
2004 4 6 7.32
2004 4 7 9.14
2004 4 8 4.88
2004 4 9 3.05
2004 4 10 2.44
2004 4 11 1.83
2004 4 12 1.83
2004 4 13 2.44
2004 4 14 2.44
2004 4 15 2.44
2004 4 16 1.83
2004 4 17 1.83
2004 4 18 1.83
2004 4 19 2.44
2004 4 20 2.44
2004 4 21 1.83
2004 4 22 1.83
2004 4 23 1.83
2004 4 24 3.05
2004 4 25 1.22
2004 4 26 3.66
2004 4 27 3.05
2004 4 28 2.44
2004 4 29 3.66
2004 4 30 2.44
2004 5 1 4.88
2004 5 2 3.66
2004 5 3 3.05
2004 5 4 3.05
2004 5 5 1.22
2004 5 6 3.66
2004 5 7 3.05
2004 5 8 2.44
2004 5 9 1.22
2004 5 10 3.66
2004 5 11 3.66
2004 5 12 2.44
2004 5 13 1.22
2004 5 14 0.61
2004 5 15 0.61
2004 5 16 1.22
2004 5 17 1.83
2004 5 18 1.22
2004 5 19 2.44
2004 5 20 1.22
2004 5 21 0.61
2004 5 22 0.61
2004 5 23 1.22
2004 5 24 1.83
2004 5 25 2.44
2004 5 26 1.22
2004 5 27 1.22
2004 5 28 1.22
2004 5 29 1.22
2004 5 31 1.22
2004 6 1 0.61
2004 6 2 0.61
2004 6 3 0.61
2004 6 4 2.44
2004 6 5 2.44
2004 6 6 1.83
2004 6 7 1.22
2004 6 8 0.61
2004 6 9 0.61
2004 6 10 0.61
2004 6 11 0.61
2004 6 12 0.61
2004 6 13 0.61
2004 6 14 0.61
2004 6 15 0.61
2004 6 16 0.61
2004 6 17 2.44
2004 6 18 2.44
2004 6 19 1.83
2004 6 20 1.83
2004 6 21 0.61
2004 6 22 0.61
2004 6 23 1.22
2004 6 24 1.83
2004 6 25 1.22
2004 6 26 0.61
2004 6 27 1.22
2004 6 28 0.61
2004 6 29 0.61
2004 6 30 0.61
2004 7 1 0.61
2004 7 2 0.61
2004 7 3 0.61
2004 7 4 1.22
2004 7 5 1.83
2004 7 6 2.44
2004 7 7 2.44
2004 7 8 1.83
2004 7 9 1.22
2004 7 10 0.61
2004 7 11 0.61
2004 7 12 0.61
2004 7 13 0.61
2004 7 14 0.61
2004 7 15 0.61
2004 7 16 0.61
2004 7 17 0.61
2004 7 18 0.61
2004 7 19 1.22
2004 7 20 1.22
2004 7 21 1.22
2004 7 22 0.61
2004 7 23 0.61
2004 7 24 0.61
2004 7 25 0.61
2004 7 26 0.61
2004 7 27 0.61
2004 7 28 0.61
2004 7 29 0.61
2004 7 30 0.61
2004 7 31 0.61
2004 8 1 0.61
2004 8 2 0.61
2004 8 3 1.83
2004 8 4 1.22
2004 8 5 0.61
2004 8 6 0.61
2004 8 7 1.22
2004 8 8 0.61
2004 8 9 0.61
2004 8 10 1.83
2004 8 11 1.22
2004 8 12 0.61
2004 8 13 0.61
2004 8 14 0.61
2004 8 15 0.61
2004 8 16 1.83
2004 8 17 1.22
2004 8 18 1.22
2004 8 19 1.83
2004 8 20 1.22
2004 8 21 1.22
2004 8 22 4.88
2004 8 23 3.66
2004 8 24 3.05
2004 8 25 3.05
2004 8 26 2.44
2004 8 27 1.83
2004 8 28 1.22
2004 8 29 0.61
2004 8 30 0.61
2004 8 31 0.61
2004 9 1 1.83
2004 9 2 2.44
2004 9 3 1.83
2004 9 4 1.22
2004 9 5 1.22
2004 9 6 1.22
2004 9 7 1.22
2004 9 8 0.61
2004 9 9 0.61
2004 9 10 0.61
2004 9 11 0.61
2004 9 12 0.61
2004 9 13 1.83
2004 9 14 2.44
2004 9 15 1.83
2004 9 16 0.61
2004 9 17 0.61
2004 9 18 0.61
2004 9 19 0.61
2004 9 20 1.22
2004 9 21 1.22
2004 9 22 1.22
2004 9 23 1.22
2004 9 24 0.61
2004 9 25 0.61
2004 9 26 1.83
2004 9 27 1.83
2004 9 28 1.83
2004 9 29 3.66
2004 9 30 2.44