"NSH_DATA"       "NORTH SHORE SURF - 19 YRS" (12-MONTH SURF SEASONDAILY SURF SIZE OB'S (FT)             "NO_YRS" =      11(ENTER MANUALLY)
                 (Data NOT contiguous...Leap-year days are separat(Peter Cole's '87-'98 reports to NWS)

SEASON NO. --->    #1     #2     #3     #4     #5     #6     #7     #8     #9     #10    #11    #12    #13     #14   #15    #16    #17    #18    #19
                                          LY                          LY                          LY                          LY
SSN: YR-YR --->   68-69  69-70  70-71  71_72  72_73  73_74  74_75  75_76  76_77  77_78  78_79  79_80  80_81  81_82  82_83  83_84  84_85  85_86  86_87
                  -----  -----  -----  -----  -----  -----  -----  -----  -----  -----  -----  -----  -----  -----  -----  -----  -----  -----  -----
      DAY  MONTH
         1   AUG       1      1      4      4      1      2      2      2      3      3      2      4      3      2      3      1      1      3      1
         2   AUG       2      4      2      2      1      1      2      2      2      2      2      3      4      2      3      4      2      2      1
         3   AUG       3      3      1      2      2      1      2      2      2      1      2      1      3      2      4      6      2      1      1
         4   AUG       2      3      1      1      1      2      2      2      2      1      3      4      3      2      3      4      3      3      1
         5   AUG       2      3      1      1      1      2      2      2      3      1      3      4      3      1      3      3      5      3      1
         6   AUG       2      2      1      1      2      2      2      2      2      3      3      3      2      1      2      2      5      2      4
         7   AUG       1      2      1      2      3      3      1      2      2      2      3      2      3      1      3      2      3      2      1
         8   AUG       1      1      2      3      3      2      1      3      1      1      1      1      2      4      3      1      2      2      1
         9   AUG       1      1      5      4      3      1      1      2      1      1      3      1      4      5      2      1      2      1      1
        10   AUG       1      1      2      5      3      1      1      2      3      1      5      1      3      3      3      1      2      1      1
        11   AUG       1      2      2      4      3      1      4      2      2      2      4      2      4      3      3      2      1      1      1
        12   AUG       2      4      1      4      3      1      3      1      2      3      3      2      2      2      3      3      1      1      1
        13   AUG       3      2      1      3      4      1      6      2      2      4      2      3      2      2      2      1      1      1      1
        14   AUG       2      2      1      2      3      2      4      3      2      3      2      2      2      2      3      1      1      1      1
        15   AUG       2      2      1      2      3      2      3      3      4      2      2      2      2      3      2      1      1      1      1
        16   AUG       2      2      1      1      3      2      3      3      5      2      3      2      2      3      2      1      1      3      1
        17   AUG       1      1      1      1      3      2      3      2      3      2      2      1      3      2      1      1      1      1      1
        18   AUG       2      1      2      1      3      2      3      2      2      1      4      1      4      2      2      5      2      1      1
        19   AUG       3      1      2      1      2      1      4      2      2      1      3      3      3      2      2      6      3      2      3
        20   AUG       2      1      1      1      2      2      5      1      2      1      2      3      3      2      1      5      1      1      3
        21   AUG       2      1      2      2      1      1      5      1      2      1      3      3      2      4      3      4      2      2      2
        22   AUG       4      1      2      2      1      1      4      2      2      5      2      3      2      3      2      6      1      1      2
        23   AUG       3      2      6      3      1      1      5      3      1      4      2      2      2      3      2      3      1      1      2
        24   AUG       3      2      5      2      2      2      4      2      2      3      2      2      2      5      2      2      2      1      4
        25   AUG       5      2      2      4      3      3      4      2      2      2      2      2      2      5      2      3      2      1      4
        26   AUG       4      2      2      4      3      2      3      2      2      3      3      2      2      5      2      2      3      1      3
        27   AUG       3      2      1      2      4      1      5      3      2      2      2      3      2      4      2      2      2      3      3
        28   AUG       3      2      2      2      5      3      4      4      2      2      4      4      2      5      2      2      3      2      3
        29   AUG       5      3      2      2      4      4      6      3      3      2      3      3      3      3      3      2      3      2      2
        30   AUG       4      2      4      1      4      3      3      2      2      3      3      3      2      3      3      2      5      2      2
        31   AUG       3      1      3      1      4      2     12      1      2      2      3      3      2      3      3      2      4      1      2
         1   SEP       3      1      2      1      4      2     10      2      3      2      2      3      2      2      2      3      3      2      2
         2   SEP       2      1      1      1      4      2      6      2      4      3      2      3      2      2      2      2      2      2      1
         3   SEP       1      1      2      1      3      2      3      1      3      3      3      3      2      1      3      3      2      1      1
         4   SEP       1      1      3      1      2      2      3      1      2      2      3      2      2      2      3      2      2      1      3
         5   SEP       1      5      2      1      2      7      3      2      2      2      2      2      2      3      2      1      2      1      2
         6   SEP       3      5      1      6      2      4      6      2      2      1      3      4      2      5      3      4      2      1      1
         7   SEP       3      4      2      7      1      3      4      2      2      1      3      5      2      5      3      2      2      4      1
         8   SEP       2      3      2      7      1      2      2      3      2      2      3      6      1      3      3      1      3      2      1
         9   SEP       3      3      4      4      2      2      2      4      2      3      2      5      1      5      4      4      8      1      2
        10   SEP       3      3      3      4      2      4      2      3      2      2      3      5      1      9      3      4      6      2      2
        11   SEP       2      3      4      3      3      7      1      3      3      2      2      5      4      7      4      3      3      1      4
        12   SEP       4      5      7      7      3      6      4      5      5      2      1      4      3      6      3      2      2      1      4
        13   SEP       3      5      5      2      3      9      6      7      3      2      3      8      2      3      3      2      1      1      2
        14   SEP       2      3      5      2      8      7      6      5      2      1      2      6      2      3      5      2      1      2      1
        15   SEP       4      7      4      2      6      4      3      4      5      3      5      4      3      1      5      2      6      2      1
        16   SEP       7      4      3      3      5      3      8      3      5      4      4      3      4      1     12      4      3      4      3
        17   SEP       5      4      3      2      3      2     12      4      6      3      2      3      5      2      7      4      2      4      3
        18   SEP       4      3      5      3      2      1      8      3      5      2      2      6      5      4      6      2      5      3      4
        19   SEP       2      2      3      2      2      7      6      2      4      2      2      5      3      2     10      4      4      2      3
        20   SEP       2      4      1      2      2      6      4      2      5      6      4      5      3      4      6      6      4      2      1
        21   SEP       2      2      1      1      2      4      4      1      6      6      3      4      3      2      4      5      7      6      1
        22   SEP       2      4      1      1      2      3      8      3      4      3      3      4      3      2      3      4     10      8      1
        23   SEP       6      6      3      5      2      2      8      4      6      7      4      3      2      2      3      4      7      5      1
        24   SEP       5      5      6      2      2      6      4      3     10      6      3      7      2      2      3      4      4      2      5
        25   SEP       4      2      4      1      1      4      4      2      5      3      2      5      7      2      3      4      4      8      3
        26   SEP       6      4      3      5      2      3      3      2      6      3      5      3      5      3      4      4     10      6      3
        27   SEP       5      2      2      2      2      7      2      2      6      4      5      3      4      3      4      5      6      6      4
        28   SEP       6      2      6      1      6      5      1      2      8      3      4      6      6      3      4      5      4      6      2
        29   SEP       8      2      5      1      6      5      4      2      6      8      6      5      7      4      3      5      3     10      2
        30   SEP       9     12      4      1      3      6      4      3      5     10      5      4     13      4      6      4      3      5      2
         1   OCT       8     18      2      7      2      5      4      2      5      8      4     15     10      3      4      5      2      3      1
         2   OCT       7      7      7      5      2      4      5      3      3      4      4     12      8      3      3      5      1      2      1
         3   OCT       6      4     12      4      6      3      4      4      6      4      3      8      6      2      2      8      6      5      6
         4   OCT       5      3     12      2      8      2      5      3     10      3     15      8     10      4      2      7      5      3     20
         5   OCT       5     10      4      2      7      8      4      3     12      3     10     10     15     10      3      5      3      3     12
         6   OCT       4      8      3      6      4     10      4      3      7      3      5     12     12      8      2      4      8      2      6
         7   OCT       5     10      1     18      3      4      5      3      8      8      6      8     10      8      2      6      8      2      4
         8   OCT       7     12      5     15      3      2      3      6      5      8      8     15     12      7      5      4     10      6      8
         9   OCT       4      8      4      7      3      2      3      4      4      4      7     25      8      6     12      8      6     12      5
        10   OCT      10      4      4      6      4      2      2      8      4      3      3     15      5      4      9      5      4      8      7
        11   OCT      12     15      7      4      6      2      8     10      6      5     10      6      5      2      6      5      5      5     15
        12   OCT       3     10      3      6      5      2      5      9      4      8      8      4      5      2      8      4      3      3     12
        13   OCT       4      6      4      5      4      5      3      6      4     10      7     12      4      5     15      4      3      2     12
        14   OCT       6      5      3      3      5      3      3      8      5     12      7     10      4      4      9      4      3      1     10
        15   OCT       5      5      2      3     12      3     10      7      6     12      5      6      5      3      6      4      2      1      7
        16   OCT       8      4      6      1      9      2      8      4     10      8      4     10      3      2      4      4      5      6      6
        17   OCT       5      5      7      4      8      3      6      3      8     12      3     12      4      6      4      8      8      8      3
        18   OCT       6      5      7      4      8      8      7      6      8     12     15     10      7      5      6      8      6      5      2
        19   OCT       6     10      4      7      8      6      6      6      6      8     12      5     12      5      6      6     10      3      2
        20   OCT      10      7      3      4      6      5      3      8      8      5      5      6      9      4      5      6      8      4      4
        21   OCT       7      6      2      3      5      6     10      5      7      3      8      4      7     10      9      4      8      6      4
        22   OCT       6      3      1      1      6      4     12      4      3      6     10      4     12      8      7      3      5      6      5
        23   OCT       3      2      1      3      5      4     15      4      3     15      8      8     13      4      6      6      3      4      8
        24   OCT       2      1      2      3     10      4     25      7      5     15      6      9      8     11      6      5      2      3      5
        25   OCT       4      6      5      4      9      3     18      6      3     13      6     10      6      8     12      6      4      2      8
        26   OCT       8      6      3      5      4      6     10      6      3      8      4      7      5      6     10      9      3      2     10
        27   OCT       7     20      3      7      3      9      5      6      3      4      6      5      3      5      6      8      3      2      8
        28   OCT       6     12     10      6      3     12      3      3      4     15      8      5      5      4      6      4      3      8      4
        29   OCT       4     10     10      5      2      5      6      2      5     15      5      5      6      3      7      3      4      6      3
        30   OCT       5      8      7      7      6      4      4      4      4      8      5      4      3      3      6      4      3      4      3
        31   OCT       7      4      6      6     13      7      6      3      5      6      3      5      5      2      4      6      7      3     20
         1   NOV       9      9     12      9     12      5      3     10      4      5      4      8      5      8      4     10      6      5     20
         2   NOV       7      7     10      9     15     15      4     12      5      6      6     10      6      9      4      6      6      5      8
         3   NOV       9      6     10      5     18     12      5     10     10      6     10      5     15      8      8     15      8      4     25
         4   NOV       8      5      9      5     10      8      6     15      8      5     12      3     10      6      8     12      6      5     20
         5   NOV      15      7      7      7      5      5     12      8      6      4     10      6      6      3      6      6      4      4      9
         6   NOV      10      6      5      7      3      3     15      4      8      3      4      5      8      9      4      6      4      8      6
         7   NOV       9      5      6      9      7      8     12      3     12      3      3     12     15      6      3      6      2      4     15
         8   NOV       8      4      7      8      5     10      6      2      8      4     15     10     10      5      4      3      6      6     10
         9   NOV       8      3      9      7     10      8     10      4     10     10      9      6      6      5      3      6      4      8      8
        10   NOV      12      2      9      5      9      5     10      3      8      5     12      7      5     10      3      7      6      8      8
        11   NOV       9      7     12      4      6      8      6      3      6      6     10     12      4     15      5      8      5      7     10
        12   NOV       5      6      7      7     10      7      8      3     30      9      9     12      5     12     10     12      4     10      8
        13   NOV       7     10      6     10      6      6     10      7     20      6      6      6     10     10      8     12      5     10      3
        14   NOV       4      8      5     20      6      6      9     15     12      5      8      6     12      6      7     10      5      6      3
        15   NOV       7      5      8     15      5      4      8      8     10      6      6      5     10      5     10      8      7      6      2
        16   NOV       7      4      6     10      5      3      7      6     12     18     10      8      9      4      5      7      7      5      4
        17   NOV      10      4      8      5      5      3      6      8     12      8     15      5      7      6      5      6     10      3      4
        18   NOV       9      3     10      5     10      3      6      3      6      8     12      5      8      6      4      4     14      2      3
        19   NOV       8      4     15      4     18      3      6     15      8     12      7      6     12     12      6      5     15     10      2
        20   NOV      10     12      7      6     15      8     15     12     12     18     15      6      8      8     10      5     12     15      1
        21   NOV       8     10      5     15      7      8      6     18     10     12     12     10      6      6      8      4      6      8      6
        22   NOV       8      6      4     18      5      5      5     15      6      6      8      9      6      8      8      4      8      8      4
        23   NOV       6      5     15      6     10      6      8     10     15      6      9      7     12      8     12     10      8      5      3
        24   NOV       5      5     20      4      7     10     12     18     10     10      8      5      6      8     15      6      5      4      2
        25   NOV       4      8     10      2      8      5      8     15     25      9      5      9     15      6     20      4      5     10      5
        26   NOV       4     10      6      2     25      4      4     12     15      7      7     12     10      6     12     10     10      8     10
        27   NOV       8      9      5      3     15     15      8     10      8      8      8     10      9      6      6     15     15     15      7
        28   NOV       7      8      4      5      8      6     25      8     10      8     15      8      9     10      6     20     12     10      5
        29   NOV       6     15      3      8      4      3     18      6     15      6     18      6      7      9     15     12      7     15      4
        30   NOV       3     18      3      6     25     12      6      5     15      3     12      7     12      6     12     10     15     20     15
         1   DEC       8     15      8      9     15      7     10     12     12      4      6     10     15      5      8      8      8     20     15
         2   DEC       6     30      6      7      8     10     10     10      8      3      3     10     12      5      5     10      8      8      8
         3   DEC       4     25      5      5     10     18      6      5      4      7      3      6      9     15     12      7     12      7      6
         4   DEC       5     40      5      5     12     12     10      3      4      5      8      6      8     15      8      5     12      8      9
         5   DEC      10     18      7      4      7     10     15      5     12      4     12      7      6      9      4      4      8      8      3
         6   DEC       9     12      9      7     10     12     15      5     10      3     15      8      8     12      6      8      7      8     15
         7   DEC       7      8      7      6     12     12     18      6      6     12     10      4      9      8     15      7     12      8     12
         8   DEC       7     20     11      6      7      5     12      8      5     12      9      3     12     10     15      8      8      6     12
         9   DEC       6     12      9     12      6     18      7      8      4      9      9      8     10      8      8      8      6     35     25
        10   DEC       6      8      7      6      6     12      4     20     12     12      8     10      7      6      5      8      5     30     12
        11   DEC       5      6      6      5     18      4      4     10     10     10      8      7      6      3     10      5      3     20     20
        12   DEC       7     10      5      4     10     15     10      6     12      7      4      3      3      9     15      8      8     12     10
        13   DEC       8     22      4      4      4     18      8      4      7     12      6      4      5      8      9     18      6      6      8
        14   DEC      10     15     13      8      7     15      4      3      6     18      5      4     10     15      8     12     10      3      7
        15   DEC       8     12     11      9      5     15     10      4     10     12      6     12     10     15     15      8     12     12      6
        16   DEC       8     10      6      8      4     10     12     18     12      6      5     12     13     10     18     10      6      8      7
        17   DEC       7      7      4     12      3     15      6     20      6      6      4     15      9     10     15     15     15     10      8
        18   DEC       9      9      7     12     15     15     18     16     15      6      4     15      4      7     10     10     10      6      6
        19   DEC      11     12      8      5     25     13     15     15     15      3      4      9      8     15     10     15      4      8     10
        20   DEC      13     20      6      4     15     10     10     12     12     10      6      8     10     10      8     12      7      6      9
        21   DEC       6     12      5      5     12     12      6     12     15      8      3      8     12      8      6      8      8     30      8
        22   DEC      15      8      8      6      8     10      4     10     10      8      7      5     12      8      6      8      6     15      8
        23   DEC      13     15      6      5     20     10     15     18      6      7      6      4      6      8      6      6      6      8      6
        24   DEC       6      8      5      6     12     12     12     10     10     10      5      4      6     18      6      5      5     10     10
        25   DEC       7      6      4      4     10     10     10     12     12      9      5      7     15     12      6     12     12     15      8
        26   DEC       8      5      7      6      9      6      8      8      8      6     15      7     18     10      6     10      6     10     20
        27   DEC       9      7      8      7      9     10      8     10     12      5     10      8     13      7     15      8      5      6     18
        28   DEC       6      6      5     12     10     15      6     12     12      7     10     12      6      5     13      6      3     18     15
        29   DEC       7      8      4      9     18     10      4      8     10      6     15     20     12      6     13      4      5     12     10
        30   DEC       7     10      4      7     12      8     15      5      5     12     12     15      8      8     10      4      6      6     20
        31   DEC       6     15      6      7     20      4     10      8      3     10     10      9     12     12      8      4      7      3     10
         1   JAN       5      8      7     12     22      4     10      8      6      8     10     15     12      7     12     10      5      3      8
         2   JAN       4     12      8     12     15     12      8      5      8      8      8      8     10      6     12     15      8      7     18
         3   JAN      15     10     18     10      8     10      6      4      8     18      8      5     12      4      4     18     10      5     10
         4   JAN       8     12      8     10      6      8      3      9     10     10      6      8     15      5      5     15      8     12      7
         5   JAN       9      8     20      8      8      6      3      5     18      8      6     12     10      3      4     10     20     15     15
         6   JAN      18      6     20      8      6      5      3      6     12     20     12     12      6     10      7      6     15      6     15
         7   JAN      18      5     20     10      5     35      3     12     12     25     12     10     15     12     10      6      5     15      9
         8   JAN      12      6      8      6      7     15      5     10     10     18      6      6     12     15      8     15     20     10     20
         9   JAN       9     18      5      5      5     12      7      5     20     12     12     10      8     12      6     18     12      7     25
        10   JAN       7     18     10      4     18     10     10      2     15      8      8      8      8      6      8      7     12      9     20
        11   JAN       6      9      9      3     15      9      8      3     12     20      8     10     10      4      9      6     12      5     13
        12   JAN       6     25      3      3     10      6     10      5     15     12      9     15     12     15      7      7     18     12      6
        13   JAN       7     25      6      3     10      4      6      4     15      5     15     12     12     10      6      8     15     10      5
        14   JAN      20     16     15     10      9      8      6     10     15      3     10      7     10      6      8      3     30      6      6
        15   JAN      20     10     15     14      6      8      4     12     12     15      7      9     15      6     10      2     25      6     12
        16   JAN      10      7     12      5      7     12      3     18     10     10      6     15      8      7     10      8     13      4     11
        17   JAN      20      7      9     15     12     10     12     12     10     20     10      8     12      6     20      6      6      7     15
        18   JAN      15     13      9     18     10     15     15      8     15     12     10     12     30      5     18     10     35     12      8
        19   JAN       5     12      8     12      6     12     15     18     12     10      9     25     18      5      8     10     15      5     12
        20   JAN       9      7      6     10     13     10     10     12      9     20      4     10     25      3     15      7     10      4     10
        21   JAN      15     10      4     15     11      7     10     10      8     15      6      9     15      9     20      3     20     15      5
        22   JAN      25     11      3     12     10      8      8      7     12     12      6     15      9     12     15      6     12     12      4
        23   JAN      12     13      3      6     12     10     12      6      3      8     10     12      7     10     25     15     10      4      4
        24   JAN       8      7      4      4     10     12     10      7      8     15      7      8      6     10     12     10      6      3      7
        25   JAN       7      6      6      9      7      8      8      8     10      6      5      7      9      8     20      8      6     10      8
        26   JAN      12      6      5     15      5      6      6     12      8     10      7      6     12      6     25      6     12     12      9
        27   JAN      10      8      4     12      5      7     12     18     20     15      5      6      6      5     15      6      9      6     10
        28   JAN      12      8      6      9     12      6     10     15     18     15      6      4      5      8      9      8     12     15      6
        29   JAN      10      7      7     12      9      5      7     12     18     20      8      6      5      7      6      5     13     12      4
        30   JAN       8      5     10     10      5      8      5      9      8     15      8     18     12     10     12     12     15     15     12
        31   JAN       8     12      4     10      3      6      4     13      3     20     10     10     10      8     15      8     12     10      8
         1   FEB      10      8      2      8      6      4      3     12      8     30     12     15     12      5     13      5      7      8     13
         2   FEB       8      6      5      6      7      6      5     10     12     25     10     10     12     12      5     10      6     15     15
         3   FEB       4      7      3     16      7      8      6     10     12      9      6     12      7     12     10     18      5     12     11
         4   FEB       3      6      6      6      8      6     10     12     15      7      4      8      5     10     18     12      7      7     15
         5   FEB       3      3      8      5      5      4     10      8     10     15     10     18     13      6     18     15      7     35     18
         6   FEB       2     10     12      8      9      6      6      6     10      7      8     12     18     15     10     12      4     20     12
         7   FEB       2      8      9     12      8      6      8      8      8     15      5     12     13     10      7      8      6     18      5
         8   FEB      15      7      8     12      7      8     12      5      5     10      4      9     10      8     15      6      4     10     12
         9   FEB      10     15      7      9      7      8     10      3      6      9      3     20     10      6     12      6      6      6      9
        10   FEB       9     12      6     10      7      6     12      8     10      8      4     15     15      5     30      5      6     10     15
        11   FEB       6     22     10      6      4      4     15     10     12      7     10     15      8      8     18      3      5     15     10
        12   FEB       9     12      9      4      6      3     13     12     15      8     10     12     11     15      8      7      4     20     13
        13   FEB       9      8      8     12      6      9      5      8     12      8      8     16      8     12     15     12      8     30      9
        14   FEB      11     15     12     10      7     12      4      7     15      8      6     10      5     10     18     10     15     15      7
        15   FEB      15     12     10     15      6      9      3      3     12      7      6      8     12     18     15      8     10      8      5
        16   FEB       8     10      9     12     15      8      4      7     12      5      4     15     15     12     15      6      8     30      4
        17   FEB      10      8      8     12     10     10     12     10      8     12      3     20     10      8     35     10      6     15      9
        18   FEB       7      4      4     10     16     12     12      4      6     18      4     12      6      6     25     10      4      8     12
        19   FEB      11     12      2     12     12     12     12      3     15     15      4     10      8      8     20     12      5      5      8
        20   FEB       9     15     20      6     10      6      8      8     18     12      3      8     18      6     12     10      7     12      8
        21   FEB       8     12      8      4     10      5      5     10     12     10      4     10     18      8     10      6      8      8     10
        22   FEB       5     10      6      3      9      5     15      8     12      8      8     10      9     12     15      6     12      5      6
        23   FEB       4     10      4      2      8     12     15      6      6      9     12      9      6     10     12      9      8     30      6
        24   FEB       3      7      3      6      7      9      8      6      7      6     10      9      5      8     10     12      5     20      4
        25   FEB       3      5      3      6     18      5      5      8      6     12      9      9     15      6     18      8      4     10      8
        26   FEB       3      6      4     10     15      9     12      6     10     12      8     12     15      7     15      7      4      8     11
        27   FEB      10     12      8      8      7      9     12      4      9     12     10     12      9      8     10     15      4      6      9
        28   FEB       8     10      6     10      3      5     10      4      9      6      7      6      8      7     18     12      6      3     18
        29   FEB                            7                           4                          12                          10
         1   MAR       9      6      3      8      8      4      5      2      5     15      3     10      4      6     10      9      6      6     13
         2   MAR       7      5      4      6      6      3      8     15      4     18      4      8      8      5      5      5      5     15     14
         3   MAR      15      8      2      4      5      3      6     12      5     15      5      7      6      7      7      6      6      8     15
         4   MAR      18      5      8      5      4      3      5      5      6     15      3      8      6      6     18     15      8     15     12
         5   MAR      20      4      8     10      3      1      3      6      8      8      8      7      6     12     15     20      8     15     10
         6   MAR      15      3      7      6      5      1      4      4      7     12     15      6      4      6     15     13      8      7      6
         7   MAR      12      2      7     12     12      3      5      8      4     12     10      6      7      6     12     20      6     15      7
         8   MAR       8      6      4     10     10      2      5     10      3      9     10      5     12      7     15     13      5     10     11
         9   MAR      10      4      6      8      8      3     12     12      4      5     15      6     15      5     13     18      5      5      8
        10   MAR       9      7      8     10      8      7      6     10      4      3     10      5      8      7      6     10      8     15      5
        11   MAR       5      5      5     15      6      5      7     10      8      6     18      3     10      5      5     10      7      8     18
        12   MAR       2      3      6     12     10      8      9      9      6      7     12      2     12      4     18      5      6      6     11
        13   MAR       7      5      8      8      8     18      8      8      3      9      8      2      8      6     18      8      5     10      8
        14   MAR       3      6      7      5      6     15      8      6      6      8      5      3      9      5     12     18     12      7      9
        15   MAR      20      7      6     12      7     10      6      6      3      5      5      8     15      5     15     15     10      5      6
        16   MAR      13      9      6     12      5      6      5      6      8      9      4      8     15      6     15     12      6      3      4
        17   MAR      12     10      5      8      4      8      4     12      9      6      8      5     15      7      8      7      5     12      6
        18   MAR      10     18      4     12      7     10      9      8      5      4      9      4     12     18     12     10      4      8      5
        19   MAR       8     15      5     15      6      8      7      5      3      3     12      6      8     15     10     10      4      7      4
        20   MAR      10      9      3      6      5      8      4      4      3      4     15     10      8      8     10      7     10      6      7
        21   MAR       7      6      6      3      6      6      4      6      4      7     10     12      8      8      6      5      9      5      5
        22   MAR       5     10     10      2      8      6      3      5      3      4     15     10     10     10     15     10      4      4      8
        23   MAR       6      7      5      6     15     30      6      3      3      3     10      6      8      8     12      9      3      3      6
        24   MAR      12      5      4     10     12     35      5      3      2     10      8      5     15      6      9      8      3      4      5
        25   MAR       8      4      7      6      7     25      5      4      2     10      7      4     12      4      6     10      5      4      9
        26   MAR       9     10      6      8     15     15      3      5      5      8      5      4      5      6      6     10      5      4      7
        27   MAR       7     15      3      8     12     12      6      4     10      6      6     10      9      8      5     10      5      3     10
        28   MAR       6     12      2      4      8     10     13      5      8      5      8      7     10     10      4      8      3      4      9
        29   MAR       5      7      2     10      8      9     12      4      4      5      8      6      8      6     10      5     15      4      8
        30   MAR       4     12      6     20     10     10     16      4      2      3      7      3      6      5     15      6     12      4      6
        31   MAR       6      8      6     10      6      8      6      5      2     15      6     12      3      4     10      8     10      4      8
         1   APR       5      7      3      7      4     10      3      6      2     12      5     12      6      4      8     12      8      4     15
         2   APR       5      4      6      6      4      8      2     10      3      6      9      7      3      3      6     12      6      8     15
         3   APR       6      3      6      5      8      6      2      9      8      9      6      5      3      3      2      8      6     12     10
         4   APR       7      2      9      4     16      8      5      8      5      7     15     10      2      5      2      3      8      4      5
         5   APR       8      2      7     15     12      6      5     10      3      3     12      8      6      6      6      4      4      4     12
         6   APR       8      2      4     10      8      3      6      8     15      2      7      7      7      4      5     12      3      3      9
         7   APR      10      3      3      6      6      6      4      4      5      6      5      6      8      3      3      9      5      4      8
         8   APR      12      5      2     12      6      4      5      5      3     15     12      6      6      4      2      8      8      5      6
         9   APR       8     15      2      7      5      3     15      4      3      8     10     10      5      5      7      5      6      5      9
        10   APR       6      8      2      5      9      2     13      8      2      5      8      6      3      5      5      6      4      6     12
        11   APR       8      7     12      4     10      8     10     10      6      3      7     10      3      5      5      7      4      6      5
        12   APR       7      5     10      5      8      6      6     12      4      3      8     10      3      4      5      7      3      5     10
        13   APR       6      2      8      4      5      4      8      8      6      3      9      8      6      3      4      6      4      6     10
        14   APR       4      6      4      3      9      4      5      5      4      3      8      4      7      4      3      6      5      4      6
        15   APR       6      4      2      3      6      4      3      4      3      6      8     10      6     10      7      5      3      3      5
        16   APR       8      6      5      6      7      3      6      3      6      6      3     10      7      6      3      4      3      2      5
        17   APR       7     15      7      3      8      5      5      2      4      4      3      8      5      4      3      4      4      2      4
        18   APR       6      9      4      6      5      4      3      4      6      3      5      5      8      3      3      6      3      2      4
        19   APR       4      8      3      4      3      8      2      3      4      5      6      5      6      2      3      3      5      2      4
        20   APR       5      6      2      4      8      6      2      3      3      4      4      4      6      3      3      2      3      6      3
        21   APR       5      2      1      2      5      4      2      3      3      3      4      3     10      8      5      3      2      5      8
        22   APR       7      1      1      2      3      5      2      2      2      4      6      4      8      8      4      4      1      3      9
        23   APR       6      4      1      2      7      4      2      5      2      4      5     10      5      8      4      5      2      3      8
        24   APR       4      3      3      2      5      3      3      4      4      3      5      5      3      6      3      3      3      2      4
        25   APR       3      2      9      2      5      8      3      6      4      2      4      3      2      4      6      3      2      1      3
        26   APR       6      3      8      2      4      8      2      6      7      3      5      6      2      3      7     13      1      2      6
        27   APR       7      2      5      3      3      5      2     12      6      3      5      4      4      2      5     15      2      1      6
        28   APR       5      1      4      3      8      6      4      8      6      3      4      5      7      4      4      9      3      2      5
        29   APR       3      2      4      3      8      6      2      3      5      3      3      3      5      3      4      4      5      1      3
        30   APR      10      3      3      4      5      5      2      5      3      7      3     10      4      3      4      3      3      1      5
         1   MAY      10      4      3      4      3      3      2      6      5      8      3      7      5      2      4      3      3      1      6
         2   MAY       5      4      2      4      4      5      2      3      3      5      4      4      6      2      4      3      3      4      5
         3   MAY       3      3      8      2      2      4      2      2      2      3      5      2      6      6      4      2      3      3      4
         4   MAY       3      2      6      1      3      4      2     12      2      2     10      3      5      8      5      1      3      3      3
         5   MAY       2      1      3      2      2      6      1      6      2      6      8      6      5      7      3      1      1      3      3
         6   MAY       3      1      1      6      9      3      1      4      2      6      6      5      4      5      2      1      2      3      4
         7   MAY       6      2      2      5      6     10      1     12      3      4      5      6      3      4      2      2      2      2      8
         8   MAY       5      1      5      4      4      6      2      6      2      7      3      5      5      3      3      3      2      1      5
         9   MAY       5      1      4      2      3      4      5      4      2      3      3      4      4      2      3      2      2      1      8
        10   MAY       4      3      4      3      6      3      6     15      2      6      3      2      4      3      1      2      4      1     10
        11   MAY       3      2      6      3      4      4      5      8      2      3      3      6      2      2      6      3      4      2      6
        12   MAY       3      1      8      2      4      4      6      4      2      2      3      8      1      2      4      3      4      3      5
        13   MAY       3      1      5      2      5      3     10      7      2      2      3      5      2      1      3      3      3      2      3
        14   MAY       2      2      2      1      6      2      8      4      2      2      3      5      2      3      2      3      3      1      2
        15   MAY       4     10      2      3      4      5      4      2      1      6      3      5      1      2      2      4      3      1      3
        16   MAY       4      6      1      4      6      3      2      3      2      4      3      3      1      1      2      6      3      1      4
        17   MAY       5      4      1      3      5      2      3      2      2      2      8      4      1      1      5      5      4      1      4
        18   MAY       5      2      1      2      4      3      5      2      2      2      7      3      2      4      2      6      3      1      3
        19   MAY       4      2      1      3      3      3      3      2      8      4      5      4      3      3      5      6      4      2      3
        20   MAY       6      2      2      4      3      4      2      2      4      3      4      8      2      6      7      4     10      1      3
        21   MAY       6      1      2      5      3      3      2      2      2      2      4     10      1      5      6      3      7      2      3
        22   MAY       5      1      6      5      2      3      1      2      2      5      4      8      4      3      4      2      5      1      3
        23   MAY       4      3      6      5      2      2      2      2      3      3      9      6      3      2      4      1      4      2      4
        24   MAY       5      5      4      2      2      2      6      2      3      3      7      6      4      3      4      1      2      4      5
        25   MAY       3      8      4      2      2      3      4      2      3      3      4      6      5      6      5      1      3     10      5
        26   MAY       3      5      4      5      2      5      3      2      2      3      3      5      4      2      4      2      2      6      6
        27   MAY       3      3      3     10      1      4      5      2      1      2      3      8     12      4      3      3      3      6      4
        28   MAY       4      2      2      8      4      3      3      3      1      2      7      7     15      9      2      2      3      4      4
        29   MAY       5      2      1      4      4      3      6      4      1      2     10      4     10      8      4      3      2      5      4
        30   MAY       4      1      1      3      6      2      3      3      1      2      6      3      6      5      5      4      3      5      3
        31   MAY       5      4      1      2      4      2      3      4      1      2      3      2      5      4      5      2      3      3      3
         1   JUN       4      7      1      2      6      2      2      5      1      3      4      3      4      3      5      1      2      2      3
         2   JUN       5      5      1      3      5      2      1      6      2      2      3      3      5      2      4      1      1      1      2
         3   JUN       4      4      5      6      3      2      1      3      8      2      3      2      3      5      3      1     10      4      4
         4   JUN       4      3      4      4      2      2      1      2      5      2      2      2      3      3      2      2      6      2      3
         5   JUN       3      2      2      3      2      2      1      2      4      2      2      2      7      3      6      1      4      6      3
         6   JUN       2      2      6      3      2      3      1      2      3      3      2      2      5      3      4      1      3      5      3
         7   JUN       4      6      4      3      4      5      1      2      2      5      2      2      2      3      2      1      2      3      1
         8   JUN       6      6      2      3      3      4      1      2      3      4      2      2      2      3      1      1      2      2      3
         9   JUN       5      3      1      2      2      3      3      2      2      3      2      2      2      5      2      1      3      1      2
        10   JUN       8      4      3      2      2      3      2      2      1      3      2      2      2      3      2      1      2      2      2
        11   JUN       5      3      2      2      2      3      2      2      3      3      2      3      2      2      2      1      2      1      2
        12   JUN       3      2      4      2      3      2      2      2      2      2      3      3      1      2      6      1      6      1      1
        13   JUN       3      2      3      2      3      2      6      2      2      2      4      2      1      1      3      1      4      3      1
        14   JUN       2      2      2      4      3      3      5      3      2      2      4      2      1      4      3      1      3      2      1
        15   JUN       6      2      3      4      3      3      2      3      1      2      3      2      1      4      6      1      3      2      1
        16   JUN      10      1      4      3      4      2      1      3      1      2      2      1      2      2     10      2      2      2      3
        17   JUN       8      1      5      2      3      2      1      4      1      2      2      2      1      2      5      1      5      2      2
        18   JUN       5      1      3      2      3      1      3      3      3      2      3      2      1      2      2      1      3      2      2
        19   JUN       4      1      3      2      2      3      3      3      3      2      2      1      4      1      2      4      4      2      1
        20   JUN      10      7      2      2      2      3      4      2      3      2      1      1      3      3      3      2      3      2      2
        21   JUN       6      5      1      2      1      2      3      2      2      2      2      1      3      1      1      1      3      2      4
        22   JUN       3      3      1      2      2      2      1      2      2      3      2      1      3      1      1      1      2      2      2
        23   JUN       3      2      1      8      4      3      1      2      2      3      2      2      3      2      2      1      2      1      2
        24   JUN       2      1      1      6      4      2      2      2      2      3      2      2      2      3      3      1      3      1      1
        25   JUN       2      1      1      4      3      2      2      2      1      2      2      1      1      3      6      1      3      1      5
        26   JUN       2      1      1      2      2      3      2      2      4      2      2      1      1      3      4      4      3      1      4
        27   JUN       1      2      1      2      3      2      1      2      3      3      2      1      1      2      3      4      3      1      3
        28   JUN       1      2      1      3      2      2      1      2      2      3      3      1      1      2      4      3      2      1      2
        29   JUN       1      1      1      3      2      2      1      2      3      2      3      1      1      2      3      3      2      1      2
        30   JUN       1      1      1      3      2      2      1      2      2      2      2      2      2      3      2      3      2      1      4
         1   JUL       3      1      1      2      2      2      1      2      2      2      2      1      4      4      2      5      3      1      4
         2   JUL       3      1      1      1      2      3      1      3      3      2      3      2      2      5      2      3      3      1      4
         3   JUL       3      1      1      1      2      2      1      3      4      2      3      2      2      4      2      2      1      1      5
         4   JUL       3      4      1      1      2      3      1      3      3      3      3      2      3      3      2      1      2      1      3
         5   JUL       2      2      1      2      2      3      1      4      2      2      2      1      2      1      2      1      4      1      2
         6   JUL       2      1      1      2      2      3      1      5      3      2      3      3      2      1      2      1      4      1      2
         7   JUL       2      2      2      2      1      3      1      6      3      2      3      2      2      1      2      1      4      3      2
         8   JUL       2      1      2      2      2      1      1      7      3      2      3      2      2      1      5      3      2      1      2
         9   JUL       2      1      2      2      2      3      1      4      3      3      2      2      1      1      1      3      1      1      1
        10   JUL       2      1      1      2      2      2      1      2      2      3      2      2      1      2      1      1      3      2      1
        11   JUL       2      4      1      2      2      2      3      2      2      3      2      3      2      2      1      1      2      1      1
        12   JUL       2      2      2      1      2      3      1      2      2      3      3      2      2      4      1      1      1      1      1
        13   JUL       2      2      1      1      3      2      1      2      1      3      6      2      2      3      1      2      1      1      1
        14   JUL       2      3      2      2      2      2      2      2      1      2      6      2      2      3      2      2      2      1      2
        15   JUL       2      3      2      2      2      4      2      2      1      2      3      2      1      3      3      2      2      1      3
        16   JUL       2      2      1      2      2      3      2      2      2      2      2      2      1      3      2      1      1      1      2
        17   JUL       2      2      1      2      1      2      3      2      1      3      2      6      1      3      2      1      1      1      1
        18   JUL       2      1      1      1      2      2      3      2      1      2      1      5      1      2      2      1      1      1      4
        19   JUL       2      1      3      1      3      2      2      2      1      2      1      4      1      2      2      1      1      1      5
        20   JUL       1      2      2      1      2      2      2      3      1      2      2      2      1      3      4      1      1      1      5
        21   JUL       1      4      2      2      2      7      1      2      1      2      3      2      2      3      1      1      1      1      3
        22   JUL       1      2      2      2      1      3      1      3      1      2      4      2      2      3      1      1      3      4      3
        23   JUL       2      2      1      1      2      2      1      2      1      2      4      2      1      2      1      2      2      2      2
        24   JUL       2      1      1      1      2      2      1      2      2      2      3      3      1      2      1      1      1      2      3
        25   JUL       2      1      2      2      1      2      3      2      1      1      3      3      1      2      1      1      1      1      2
        26   JUL       2      1      3      3      1      2      2      2      2      1      3      2      1      2      1      1      1      1      2
        27   JUL       1      1      5      3      3      2      2      2      2      1      3      3      2      3      1      1      1      1      1
        28   JUL       1      1      5      2      4      2      2      2      2      3      2      2      1      2      1      1      1      2      4
        29   JUL       1      1      3      2      2      1      2      2      1      2      2      2      1      3      1      1      1      1      3
        30   JUL       2      3      3      2      1      1      2      2      2      3      1      2      1      3      2      2      1      1      2
        31   JUL       2      2      5      1      1      2      2      4      2      3      1      3      2      3      2      1      2      1      1
