"S_SHORE"    12-MONTH SOUTH SHORE SURF DATA FILE     (JAN-DEC)   '72-'87 = 16 YEARS (INCOMPLETE)
             (NO GAPS BETWEEN MONTHS)

SSN NO.:  #1  #2  #3  #4  #5  #6  #7  #8  #9 #10 #11 #12 #13 #14 #15 #16         DAILY  TOTAL  DAILY          31-DAY
                                                                                 TOTAL    NO.   AVG           MOVING
YEAR:    '72 '73 '74 '75 '76 '77 '78 '79 '80 '81 '82 '83 '84 '85 '86 '87          FEET   DAYS   FEET             AVG
         --- --- --- --- --- --- --- --- --- --- --- --- --- --- --- ---         =====  =====  =====          ======
DAY OF YR

    1JAN                            2   1   3   3   2   2   3   1   2                19      9 2.111
    2JAN                            1   3   3   3   1   1   4   1   2                19      9 2.111
    3JAN                            1   2   2   4   1   1   3   1   3                18      9 2.000
    4JAN                            2   1   2   3   2   1   3   1   3                18      9 2.000
    5JAN                            2   1   4   3   1   1   2   1   2                17      9 1.889
    6JAN                            5   1   4   2   4   2   2   1   2                23      9 2.556
    7JAN                            5   3   3   3   4   2   1   2   2                25      9 2.778
    8JAN                            4   5   7   3   4   3   1   2   2                31      9 3.444
    9JAN                            3   5   6   3   3   2   4   2   2                30      9 3.333
   10JAN                            2   2   6   3   1   3   5   2   2                26      9 2.889
   11JAN                            5   1   6   3   2   2   4   2   1                26      9 2.889
   12JAN                            4   2   5   5   3   2   3   2   1                27      9 3.000
   13JAN                            2   2   4   4   2   3   3   5   1                26      9 2.889
   14JAN                            3   2   4   4   2   2   1   8   1                27      9 3.000
   15JAN                            4   2   4   3   2   2   1   4   1                23      9 2.556
   16JAN                            5   2   5   3   2   3   2   2   1                25      9 2.778          2.6703
   17JAN                            3   2   4   4   4   3   2   1   2                25      9 2.778          2.6918
   18JAN                            2   2   4   4   3   2   2   1   2                22      9 2.444          2.7025
   19JAN                            3   1   4   4   4   3   2   2   3                26      9 2.889          2.7204
   20JAN                            3   1   4   4   3   3   1   3   2                24      9 2.667          2.7348
   21JAN                            3   1   3   3   4   4   1   2   2                23      9 2.556          2.7706
   22JAN                            3   1   4   2   3   3   2   1   2                21      9 2.333          2.7957
   23JAN                            3   4   4   2   3   3   3   3   2                27      9 3.000          2.7993
   24JAN                            2   3   6   2   3   4   2   2   1                25      9 2.778          2.7885
   25JAN                            2   1   5   4   2   4   3   3   1                25      9 2.778          2.7849
   26JAN                            5   3   4   3   3   3   3   3   1                28      9 3.111          2.7993
   27JAN                            6   2   3   2   2   3   2   3   1                24      9 2.667          2.8065
   28JAN                            5   3   2   2   2   2   3   2   1                22      9 2.444          2.7957
   29JAN                            5   3   2   4   2   2   2   3   1                24      9 2.667          2.7849
   30JAN                            4   4   5   3   2   2   2   3   1                26      9 2.889          2.7670
   31JAN                            5   3   4   3   1   2   1   3   1                23      9 2.556          2.7706
    1FEB                            6   4   3   3   1   2   2   3   1                25      9 2.778          2.7706
    2FEB                            4   3   3   3   2   2   2   1   2                22      9 2.444          2.7921
    3FEB                            3   5   3   2   3   2   1   1   3                23      9 2.556          2.8100
    4FEB                            2   3   2   2   3   3   1   3   3                22      9 2.444          2.8136
    5FEB                            2   5   1   5   4   2   1   1   6                27      9 3.000          2.8208
    6FEB                            5   4   4   4   3   2   1   2   5                30      9 3.333          2.8208
    7FEB                            3   4   3   3   3   3   1   2   4                26      9 2.889          2.8387
    8FEB                            4   4   3   4   4   4   1   1   3                28      9 3.111          2.8387
    9FEB                            4   4   4   4   4   3   2   2   2                29      9 3.222          2.8351
   10FEB                            3   5   3   5   4   4   2   2   2                30      9 3.333          2.8387
   11FEB                            3   3   3   7   5   3   1   2   1                28      9 3.111          2.8208
   12FEB                            2   2   2   6   4   2   2   2   2                24      9 2.667          2.8208
   13FEB                            3   2   3   3   4   2   3   2   1                23      9 2.556          2.8244
   14FEB                            3   1   2   3   4   3   3   2   1                22      9 2.444          2.8513
   15FEB                            3   2   4   4   3   2   2   2   2                24      9 2.667          2.8598
   16FEB                            2   2   5   4   3   2   2   2   3                25      9 2.778          2.8692
   17FEB                            3   2   4   5   3   6   2   2   4                31      9 3.444          2.8714
   18FEB                            4   3   3   2   3   4   2   3   3                27      9 3.000          2.8794
   19FEB                            4   4   3   4   3   3   1   3   2                27      9 3.000          2.8888
   20FEB                            3   4   2   5   3   3   1   3   2                26      9 2.889          2.9042
   21FEB                            2   3   3   3   3   2   2   3   2                23      9 2.556          2.9042
   22FEB                            2   3   3   2   6   2   2   3   3                26      9 2.889          2.8934
   23FEB                            3   4   3   3   4   2   1   2   5                27      9 3.000          2.9069
   24FEB                            3   4   3   2   3   3   2   1   3                24      9 2.667          2.9034
   25FEB                            4   3   3   4   3   2   3   1   3                26      9 2.889          2.8937
   26FEB                            2   3   3   5   3   2   2   1   2                23      9 2.556          2.8856
   27FEB                            4   3   3   3   2   3   3   1   2                24      9 2.667          2.8848
   28FEB                            4   3   2   2   2   2   5   2   1                23      9 2.556          2.9009
   29FEB                                    2               5                         7      2 3.500          2.9045
    1MAR    4       6           3   5   2   3   2   2   2   5   3   1   3            41     13 3.154          2.9100
    2MAR    3       5           3   5   3   2   2   2   2   4   3   1   2            37     13 2.846          2.9058
    3MAR    2       3           3   3   3   3   4   3   3   4   2   2   2            37     13 2.846          2.8956
    4MAR    3       3           3   2   2   3   4   2   4   3   2   2   2            35     13 2.692          2.8714
    5MAR    3       1           3   3   5   4   4   2   4   3   2   2   1            37     13 2.846          2.8739
    6MAR    4       3           2   4   5   3   3   2   4   3   1   2   2            38     13 2.923          2.8788
    7MAR    6       4           2   4   4   2   2   2   4   3   1   3   2            39     13 3.000          2.8824
    8MAR    7       4           2   4   4   2   3   2   3   3   1   3   1            39     13 3.000          2.8819
    9MAR    6       3           3   5   4   2   3   1   4   4   2   4   2            43     13 3.308          2.8785
   10MAR    6       2           3   3   4   2   3   3   3   3   2   3   2            39     13 3.000          2.8785
   11MAR    5       2           5   3   4   3   3   3   2   2   1   2   3            38     13 2.923          2.8939
   12MAR    4                   6   4   3   3   2   3   4   2   1   2   3            37     12 3.083          2.9024
   13MAR    3                   6   4   3   3   2   3   4   2   1   1   5            37     12 3.083          2.9168
   14MAR    2                   5   4   2   3   3   4   4   3   2   2   4            38     12 3.167          2.9325
   15MAR    3                   3   3   3   3   3   3   2   2   1   2   4            32     12 2.667          2.9493
   16MAR    3           3       4   3   3   2   2   3   2   2   1   3   3            34     13 2.615          2.9424
   17MAR    2           3       3   3   3   3   2   3   2   3   1   2   3            33     13 2.538          2.9475
   18MAR    2           3       3   3   2   2   2   2   3   2   2   3   3            32     13 2.462          2.9726
   19MAR    2       5           3   2   4   3   2   2   4   2   2   2   2            35     13 2.692          3.0018
   20MAR    3           5       3   3   4   4   3   2   3   3   3   2   2            40     13 3.077          3.0319
   21MAR    2           5       3   3   4   5   2   3   4   3   3   2   2            41     13 3.154          3.0510
   22MAR    2           5       2   3   4   4   3   3   3   4   2   2   2            39     13 3.000          3.0615
   23MAR    1           4       2   3   4   3   2   3   3   4   2   1   1            33     13 2.538          3.0756
   24MAR    4           3   3   2   4   4   3   3   3   2   3   2   2   1            39     14 2.786          3.0817
   25MAR    3           3   4   3   3   5   2   3   3   4   2   3   2   2            42     14 3.000          3.0738
   26MAR    2           3   4   4   5   3   2   3   3   3   2   4   2   4            44     14 3.143          3.0778
   27MAR    2               3   4   5   3   3   3   3   3   1   5   2   4            41     13 3.154          3.0823
   28MAR    2               3   4   4   4   3   3   3   3   1   4   2   3            39     13 3.000          3.0756
   29MAR    2               4   4   6   3   3   2   2   3   1   5   3   3            41     13 3.154          3.0688
   30MAR    2               4   5   3   3   3   2   3   3   3   5   2   2            40     13 3.077          3.0635
   31MAR    2           4   3   6   4   3   4   2   2   3   4   5   2   2            46     14 3.286          3.0682
    1APR    6   3   3   4   3   6   3   3   3   3   3   3   3   4   1   2            53     16 3.313          3.0786
    2APR    5   4   4   3   2   7   4   2   2   5   3   4   3   3   5   2            58     16 3.625          3.0955
    3APR    4   6   6   3   2   8   3   1   2   4   4   5   3   2   4   3            60     16 3.750          3.1169
    4APR    3   3   8   3   3   7   3   4   3   3   4   4   2   2   3   3            58     16 3.625          3.1510
    5APR    3   3   6   2   4   5   4   3   3   4   4   5   2   2   3   2            55     16 3.438          3.1888
    6APR    3   3   5   2   3   6   3   3   3   4   3   6   2   2   2   2            52     16 3.250          3.2141
    7APR    2   3   5   2   2   3   4   4   2   5   4   8   2   5   2   2            55     16 3.438          3.2282
    8APR    2   2   4   1   2   3   4   5   2   5   5   5   3   4   2   2            51     16 3.188          3.2512
    9APR    2   2   3   2   2   4   4   4   2   5   4   4   2   3   3   3            49     16 3.063          3.2843
   10APR    2   3   3   2   3   3   2   3   3   6   4   3   2   3   3   5            50     16 3.125          3.3246
   11APR    2   2   3   1   5   3   2   3   3   5   5   2   3   3   3   4            49     16 3.063          3.3503
   12APR    1   2   2   3   5   2   2   3   3   4   4   2   3   4   3   3            46     16 2.875          3.3675
   13APR    4   3   2   3   4   2   3   2   2   3   4   2   2   4   3   3            46     16 2.875          3.3735
   14APR    2   3   2   4   4   2   4   2   3   3   4   2   2   4   2   5            48     16 3.000          3.3786
   15APR    2   3   1   4   3   1   3   2   3   3   6   3   2   3   2   4            45     16 2.813          3.3762
   16APR    3   3   1   3   3   3   3   3   3   2   5   2   3   2   4   4            47     16 2.938          3.3609
   17APR    5   3   2   3   2   5   3   3   3   2   4   2   5   1   3   3            49     16 3.063          3.3548
   18APR    7   4   2   2   4   4   2   4   2   2   4   2   4   1   3   3            50     16 3.125          3.3609
   19APR    4   7   3   5   9   3   3   4   3   2   4   3   3   1   3   3            60     16 3.750          3.3669
   20APR    3   8   4   5   8   5   3   4   6   2   4   3   4   3   3   3            68     16 4.250          3.3730
   21APR    2   4   6   4   6   6   3   4   5   3   5   4   4   3   2   2            63     16 3.938          3.3669
   22APR    2   3   5   6   5   4   3   4   4   3   4   3   3   2   2   2            55     16 3.438          3.3790
   23APR    1   3   5   7   4   2   3   4   4   3   3   3   3   1   4   2            52     16 3.250          3.4173
   24APR    6   3   6   6   4   4   3   4   4   3   3   2   2   4   4   3            61     16 3.813          3.4617
   25APR    8   2   5   6   6   6   5   3   5   5   2   4   1   4   4   2            68     16 4.250          3.5121
   26APR   10   2   4   5   5   5   3   3   4   4   2   4   2   4   4   2            63     16 3.938          3.5544
   27APR    8   2   3   5   4   4   4   3   4   3   2   3   2   3   6   3            59     16 3.688          3.5867
   28APR    7   2   4   4   3   3   3   3   5   2   2   2   2   2   4   3            51     16 3.188          3.6230
   29APR    8   2   6   4   2   4   3   2   6   2   2   2   2   2   3   3            53     16 3.313          3.6633
   30APR    6   2   4   4   3   3   3   2   4   2   2   3   2   3   3   2            48     16 3.000          3.7097
    1MAY    3   2   3   3   3   6   2   2   3   2   3   3   2   4   2   2            45     16 2.813          3.7520
    2MAY    2   3   3   5   2   5   3   3   3   2   3   3   2   4   3   4            50     16 3.125          3.7883
    3MAY    5   4   4   8   2   5   4   4   2   2   3   3   2   4   2   7            61     16 3.813          3.8165
    4MAY    6   5   5   6   2   4   5   4   2   3   4   4   2   3   3   5            63     16 3.938          3.8327
    5MAY    4   4   4   6   2   3   5   4   3   4   3   6   2   3   2   6            61     16 3.813          3.8226
    6MAY    3   3   4   5   2   3   4   3   2   5   3   3   3   3   1   5            52     16 3.250          3.8024
    7MAY    2   5   3   4   2   6   3   5   2   6   5   3   4   3   2   3            58     16 3.625          3.8004
    8MAY    2   7   6   4   6   5   3   8   2   7   5   5   4   4   3   3            74     16 4.625          3.8105
    9MAY    2   4   7   3   5   3   3   6   4   6   8   7   4   5   3   3            73     16 4.563          3.8387
   10MAY    4   6   8   3   3   3   2   5   6   6   6   6   3   5   4   4            74     16 4.625          3.8528
   11MAY    3   8   7   4   2   2   3   4  10   4   3   5   3   4   6   3            71     16 4.438          3.8508
   12MAY    2   7   7   9   3   2   4   3   7   2   3   4   3   3   4   2            65     16 4.063          3.8609
   13MAY    6   6   5   8   4   2   4   4   5   2   3   3   3   2   4   3            64     16 4.000          3.8690
   14MAY    8   4   3   7   3   2   7   5   5   3   3   3   3   3   4   3            66     16 4.125          3.8992
   15MAY   10   3   5   9   3   3   8   3   6   3   3   3   2   2   4   4            71     16 4.438          3.9214
   16MAY    7   5   3   7   2   2   7   3   7   3   3   2   2   2   4   7            66     16 4.125          3.9577
   17MAY    6   3   5   5   4   2   6   2   5   3   4   2   3   3   6   6            65     16 4.063          3.9819
   18MAY    6   3   5   4   5   2   5   4   4   3   5   2   3   2   5   5            63     16 3.938          3.9960
   19MAY    5   2   4   3   6   2   4   3   4   3   4   4   2   2   4   6            58     16 3.625          3.9940
   20MAY    3   2   3   3   7   1   3   3   3   3   4   5   2   2   3   8            55     16 3.438          3.9919
   21MAY    5   2   5   4   7   3   2   3   3   3   3   5   2   3   2   6            58     16 3.625          3.9960
   22MAY    8   2   4   3   7   3   2   4   4   3   3   5   2   5   2   5            62     16 3.875          4.0181
   23MAY    7   2   5   3   8   5   2   3   4   3   2   4   2   4   2   4            60     16 3.750          4.0242
   24MAY    6   3   4   3  13   7   2   3   3   3   3   3   2   4   3   4            66     16 4.125          3.9940
   25MAY    3   4   6   3  10   6   3   2   4   3   6   2   3   5   4   4            68     16 4.250          3.9758
   26MAY    3   5   8   3   7   6   4   2   3   4   6   2   3   4   4   3            67     16 4.188          3.9859
   27MAY    3   4  10   3   6   4   4   4   3   4   5   3   6   3   3   3            68     16 4.250          3.9960
   28MAY    4   3   8   2   5   3   5   4   3   4   5   4   6   3   2   2            63     16 3.938          4.0081
   29MAY    6   5   5   2   4   3   8   4   3   3   4   5   6   3   3   2            66     16 4.125          4.0161
   30MAY    8   5   4   3   3   2  10   5   2   3   3   4   5   3   2   2            64     16 4.000          4.0161
   31MAY    6   5   3   5   3   2   8   7   3   3   3   4   4   4   3   3            66     16 4.125          4.0141
    1JUN    4   4   4   4   3   1   6   5   3   4   3   3   3   5   3   2            57     16 3.563          4.0141
    2JUN    6   3   3   6   2   4   3   4   2   4   2   5   2   5   3   3            57     16 3.563          4.0040
    3JUN    7   3   4   7   4   3   3   3   2   4   3   4   2   4   2   5            60     16 3.750          4.0020
    4JUN   12   2   3   5   3   2   4   3   3   7   4   4   2   4   1   3            62     16 3.875          4.0302
    5JUN   10   1   3   5   3   3   5   3   4   6   4   4   4   3   2   3            63     16 3.938          4.0645
    6JUN    8   2   4   6   3   4   4   2   5   4   4   3   5   3   2   4            63     16 3.938          4.0867
    7JUN    5   3   5   4   4   4   3   3   5   3   4   2   5   5   3   3            61     16 3.813          4.0887
    8JUN    4   4   4   4   3   3   3   5   7   3   4   2   3   4   2   4            59     16 3.688          4.1089
    9JUN    5   4   5   3   4   5   3   6   6   3   5   1   3   4   2   5            64     16 4.000          4.1109
   10JUN    7   6  13   2   4   5   5   8   6   2   6   1   4   3   3   4            79     16 4.938          4.1169
   11JUN    7   7  10   2   5   4   6   7   5   2   5   1   3   3   5   4            76     16 4.750          4.1169
   12JUN    7   6   8   2   3   5   5   7   4   2   6   4   2   2   4   4            71     16 4.438          4.1069
   13JUN    5   5   7   2   3   4   5   9   3   2   7   4   2   2   3   5            68     16 4.250          4.1250
   14JUN    3   4   6   2   4   5   5   8   2   2   6   4   2   4   2   7            66     16 4.125          4.1290
   15JUN    4   3   7   2   4   4   4   8   2   4   4   4   3   6   3   8            70     16 4.375          4.1512
   16JUN    3   4   6   3   4   3   3   7   2   4   4   3   3   7   4   6            66     16 4.125          4.1935
   17JUN    4   4   6   3   3   3   2   5   2   4   3   3   4   5   5   4            60     16 3.750          4.2379
   18JUN    6   4   5   3   3   3   3   5   3   3   4   6   4   3   4   3            62     16 3.875          4.2641
   19JUN    8   7   4   3   3   4   4   4   2   3   6   6   8   3   3   4            72     16 4.500          4.2722
   20JUN    7   4   3   3   5   5   9   3   2   3   6   4   7   3   3   5            72     16 4.500          4.2762 MAX
   21JUN    6   2   3   5   5   6   8   3   3   3   4   4   6   3   4   4            69     16 4.313          4.2681
   22JUN    5   2   7   3   4   5   5   2   3   3   4   4   6   4   3   3            63     16 3.938          4.2581
   23JUN    4   5   6   7   4   3   4   2   3   3   6   4   6   6   3   4            70     16 4.375          4.2440
   24JUN    4   5   5   7   3   3   3   3   3   2   5   6   6   4   3   5            67     16 4.188          4.2440
   25JUN    3   7   7   6   5   3   3   4   3   2   4   6   6   5   3   4            71     16 4.438          4.2399
   26JUN    2   5   9   5   4   3   4   6   4   2   3   4   4   4   5   3            67     16 4.188          4.2117
   27JUN    2   4   7   4   6   3   4   7   3   3   3   3   3   3   5   3            63     16 3.938          4.1855
   28JUN    7   3   6   8   5   3   3   6   3   3   2   7   2   3   4   7            72     16 4.500          4.1794
   29JUN    9   3   5   7   4   4   3   5   3   4   2   5   2   4   3   5            68     16 4.250          4.1875
   30JUN   10   3   4   5   4   4   3   3   7   7   3   5   5   7   2   3            75     16 4.688          4.2056
    1JUL    7   4   4   4   4   6   3   3  10   5   5   9   8  10   2   3            87     16 5.438 MAX      4.2198
    2JUL    4   3   4   5   3   8   4   3  12   3   5   7   6   8   2   2            79     16 4.938          4.2258
    3JUL    3   2   3   5   5   6   5   3   9   3   6   5   4   6   3   2            70     16 4.375          4.2379
    4JUL    3   3   2   4   4   5   4   3   9   4   5   5   3   5   3   2            64     16 4.000          4.2520
    5JUL    4   3   4   5   4   4   5   4   7   3   4   4   3   4   3   3            64     16 4.000          4.2278
    6JUL    3   4   5   5   4   3   5   5   5   3   4   3   3   3   2   2            59     16 3.688          4.2157
    7JUL    3   5   6   5   3   2   4   7   4   3   3   3   4   2   2   2            58     16 3.625          4.2036
    8JUL    3   4   4   4   3   3   3   7   4   2   3   3   4   2   3   2            54     16 3.375          4.2258
    9JUL    3   6   4   4   3   5   5   5   3   2   3   3   3   2   4   4            59     16 3.688          4.2218
   10JUL    2  10   3   4   4   5   4   3   2   2   4   3   2   4   5   5            62     16 3.875          4.2036
   11JUL    3   9   3   4   6   4   4   2   2   3   6   3   2   3   7   4            65     16 4.063          4.1794
   12JUL    4   7   3   5   4   3   3   3   4   2   8   3   3   2   5   4            63     16 3.938          4.1573
   13JUL   10   4   3   5   4   4   3   5   3   3   7   4   3   3   4   3            68     16 4.250          4.1391
   14JUL    8   3   4   6   3  10   3   5   2   3   7   4   3   5   3   3            72     16 4.500          4.0988
   15JUL    5   5   3   5   4  10   4   5   3   2   5   3   3   6   3   9            75     16 4.688          4.0786
   16JUL    4  12   4   5   5   7   6   4   3   3   3   3   2   6   3   7            77     16 4.813          4.0423
   17JUL    3  15   4   4   5   5   6   2   3   3   3   3   2   4   2   5            69     16 4.313          3.9698
   18JUL    7   9   5   3   6   5   4   2   4   2   3   3   2   3   3   5            66     16 4.125          3.9214
   19JUL    4   7   8   3   9   3   3   3   6   2   3   2   3   4   5   4            69     16 4.313          3.8952
   20JUL    3   5  10   2   8   2   2   3   5   3   2   2   2   4   4   3            60     16 3.750          3.8911
   21JUL    3   5   8   2   6   2  12   3   4   4   4   2   2   4   3   2            66     16 4.125          3.8810
   22JUL    3   4   6   4   5   2   8   4   3   3   6   2   4   4   3   2            63     16 3.938          3.8911
   23JUL    4   7   4   5   5   3   5   5   8   2   6   2   4   6   5   3            74     16 4.625          3.8972
   24JUL    6   6   4   3   4   4   4   4   7   3   5   2   3   7   4   2            68     16 4.250          3.9113
   25JUL    4   5   4   2   4   3   3   3   7   3   4   2   3   5   3   3            58     16 3.625          3.9173
   26JUL    3   4   3   3   7   4   3   4   7   2   3   2   3   4   3   4            59     16 3.688          3.9093
   27JUL    3   3   3   3   8   4   4   4   4   2   3   2   3   4   3   3            56     16 3.500          3.9012
   28JUL    3   3   2   2  10   3   3   3   4   4   3   2   2   4   3   3            54     16 3.375          3.9093
   29JUL    3   2   2   2  12   2   2   3   3   4   5   2   3   3   2   2            52     16 3.250          3.8952
   30JUL    4   2   2   3  10   2   3   4   3   6   3   3   3   3   2   5            58     16 3.625          3.8770
   31JUL    4   5   2   4   6   2   3   4   4   5   4   2   4   2   2   4            57     16 3.563          3.8548
    1AUG    4   2   2   4   5   2   2   4   5   4   3   2   3   2   3   4            51     16 3.188          3.8508
    2AUG    3   2   4   4   4   3   2   3   8   4   4   3   3   2   3   3            55     16 3.438          3.8548
    3AUG    3   3   3   3   4   3   2   3   9   4   4   4   3   2   4   3            57     16 3.563          3.8548
    4AUG    4   4   2   3   4   3   2   3   9   4   4   5   3   2   3   7            62     16 3.875          3.8407
    5AUG    3   4   2   2   2   2   3   4   8   5   4   4   4   2   3   7            59     16 3.688          3.8569
    6AUG    3   3   3   3   2   2   2   2   8   5   3   3   5   5   5  10            64     16 4.000          3.8548
    7AUG    5   4   5   2   2   2   3   3   5   6   3   3   4   4   3   7            61     16 3.813          3.8609
    8AUG   10   2   4   3   3   2   2   3   4   5   4   4   4   3   3   5            61     16 3.813          3.8246
    9AUG   11   2   3   5   3   2   3   4   3   4   4   3   4   3   4   4            62     16 3.875          3.8286
   10AUG    9   2   2   4   4   4   3   3   4   3   4   3   4   2   4   3            58     16 3.625          3.8387
   11AUG    6   2   7   3   5   5   3   3   4   2   5   2   3   2   6   3            61     16 3.813          3.8448
   12AUG    9   3   6   3   4   4   4   2   3   2   4   2   5   5   7   4            67     16 4.188          3.8629
   13AUG    6   2   5   3   3   4   5   2   3   2   4   3   6   5   4   4            61     16 3.813          3.8851
   14AUG    5   8   4   3   3   3   5   2   2   3   6   3   5   4   3   4            63     16 3.938          3.9032
   15AUG    4  10   2   3   5   3   5   2   3   3   6   3   4   4   3   4            64     16 4.000          3.9093
   16AUG   12   7   4   3   8   2   5   2   4   3   5   3   4   3   4   6            75     16 4.688          3.9073
   17AUG    7   5   4   3   7   2   6   3   4   3   4   3   4   3   4   9            71     16 4.438          3.9073
   18AUG    8   4   3   3   6   2   4   3   4   3   4   4   3   4   3   8            66     16 4.125          3.9012
   19AUG    6   4   3   3   6   2   4   3   3   3   4   6   3   3   3   6            62     16 3.875          3.8992
   20AUG    6   5   3   4   9   4   3   3   3   3   4   5   3   3   5   5            68     16 4.250          3.8790
   21AUG    5   4   3   3   7   3   4   4   3   4   3   5   6   2   4   5            65     16 4.063          3.8669
   22AUG    4   2   2   5   6   3   3   4   4   4   3   5   6   3   8   4            66     16 4.125          3.8387
   23AUG    4   1   2   5   4   4   4   4   3   4   2   3   5   2   6   3            56     16 3.500          3.8266
   24AUG    4   1   3   9   3   8   4   4   3   4   3   3   4   4   7   6            70     16 4.375          3.8024
   25AUG    4   2   5   8   2   6   3   4   3   4   4   3   3   2   5   5            63     16 3.938          3.7742
   26AUG    3   4   5   7   2   4   4   3   5   3   5   2   3   4   4   4            62     16 3.875          3.7621
   27AUG    3   3   4   6   3   3   4   4   6   2   4   2   3  10   4   4            65     16 4.063          3.7480
   28AUG    3   4   3   4   3   4   5   5   6   3   4   3   3   8   2   5            65     16 4.063          3.7157
   29AUG    2   5   3   4   3   3   5   4   4   3   4   2   2   7   5   5            61     16 3.813          3.7097
   30AUG    3   6   2   4   2   3   5   4   3   4   4   2   3   6   5   5            61     16 3.813          3.7016
   31AUG    4   6   3   2   2   2   6   3   3   3   5   2   2   5   4   4            56     16 3.500          3.6875
    1SEP    3   5   3   2   2   2   5   3   3   3   5   2   2   5   3   3            51     16 3.188          3.6552
    2SEP    3   5   4   2   3   2   4   2   3   2   6   4   3   5   2   2            52     16 3.250          3.6190
    3SEP    3   5   8   2   2   4   3   2   5   2   4   5   2   4   3   2            56     16 3.500          3.5907
    4SEP    2   4   8   2   2   3   4   3   4   2   3   5   2   3   2   3            52     16 3.250          3.5726
    5SEP    4   3   6   3   2   4   4   4   3   2   3   4   2   3   2   4            53     16 3.313          3.5383
    6SEP    4   3   5   3   2   4   6   3   3   2   3   2   3   2   1   4            50     16 3.125          3.5202
    7SEP    6   2   5   3   2   4   5   4   3   2   4   3   3   3   3   3            55     16 3.438          3.5121
    8SEP    5   1   5   3   2   5   4   4   2   2   3   2   2   4   3   2            49     16 3.063          3.5302
    9SEP    6   1   4   2   3   4   4   4   2   4   3   2   2   2   3   2            48     16 3.000          3.5121
   10SEP    5   1   3   3   3   3   6   4   2   4   3   2   2   5   4   2            52     16 3.250          3.4980
   11SEP    6   2   2   3   3   3   7   4   3   4   4   3   2   3   3   2            54     16 3.375          3.4758
   12SEP    5   2   2   3   3   4   7   3   3   4   3   2   2   3   2   3            51     16 3.188          3.4516
   13SEP    4   3   2   3   4   6   7   4   3   5   3   4   2   3   2   3            58     16 3.625          3.4415
   14SEP    4   3   3   4   4   7   4   2   3   4   3   3   1   7   3   4            59     16 3.688          3.4335
   15SEP    3   6   4   3   4   6   4   2   3   3   3   3   2   6   2   3            57     16 3.563          3.4355
   16SEP    7   5   3   4   4   6   3   2   3   3   3   3   3   5   2   3            59     16 3.688          3.4417
   17SEP    6   3   3   5   3   5   3   2   3   3   3   3   4   4   1   2            53     16 3.313          3.4629
   18SEP    4   2   5   4   5   3   3   3   3   2   3   3   3   3   1   5            52     16 3.250          3.4772
   19SEP    2   2   4   6   5   3   3   3   3   3   3   3   3   3   4   3            53     16 3.313          3.4735
   20SEP    4   2   3   5   4   4   4   3   2   2   3   2   2   3   5   3            51     16 3.188          3.4778
   21SEP    6   1   3   6   6   3   3   4   2   4   4   2   2   3   3   4            56     16 3.500          3.4801
   22SEP    4   4   3   9   4   4   3   3   2   5   5   2   3   4   2   5            62     16 3.875          3.4885
   23SEP    3   4   4  10   4   3   3   3   3   5   4   5   3   3   2   6            65     16 4.063          3.4943
   24SEP    3   3   3  10   3   2   3   4   2   4   5   4   2   3   4   6            61     16 3.813          3.5121
   25SEP    3   3   2   6   2   3   3   3   4   4   5   5   2   3   3   5            56     16 3.500          3.5319
   26SEP    3   5   3   5   3   3   3   3   2   3   3   3   3   3   2   4            51     16 3.188          3.5487
   27SEP    3   5   3   4   3   4   3   3   2   3   4   3   3   2   3   5            53     16 3.313          3.5515
   28SEP    4   4   5   4   3   4   4   4   4   3   6   4   2   3   3   3            60     16 3.750          3.5628
   29SEP    5   3   4   3   4   4   4   4   4   3   5   3   2   3   3   3            57     16 3.563          3.5501
   30SEP    4   5   4   3   4   4   5   5   5   3   7   3   2   3   3   2            62     16 3.875          3.5329
    1OCT        5       3       4   4   3   4   2   5   4   3   2   4   5            48     13 3.692          3.5222
    2OCT        6       2       5   3   3   5   2   4   3   3   4   3   7            50     13 3.846          3.5199
    3OCT        5       3       4   3   4   4   1   3   4   3   3   3   8            48     13 3.692          3.5247
    4OCT        4       3       4   2   3   3   2   2   4   4   3   3   7            44     13 3.385          3.5240
    5OCT        3       3       3   3   4   3   3   3   3   4   3   3   6            44     13 3.385          3.5065
    6OCT        2       6       4   5   3   3   2   3   3   4   2   2   5            44     13 3.385          3.4856
    7OCT        2       4       4   5   3   3   2   4   2   5   2   4   4            44     13 3.385          3.4546
    8OCT        4       4       3   3   3   3   3   4   1   6   3   6   4            47     13 3.615          3.4015
    9OCT        2       4       4   5   3   4   3   4   2   6   3   4   3            47     13 3.615          3.3524
   10OCT        3       4       6   3   3   4   3   4   1   7   2   3   4            47     13 3.615          3.3212
   11OCT        6       3       5   3   3   6   3   4   1   6   2   3   4            49     13 3.769          3.3125
   12OCT        8       3       6   3   2   5   2   3   1   5   2   2   3            45     13 3.462          3.3040
   13OCT        5       3       6   4   2   4   2   3   2   4   5   2   4            46     13 3.538          3.2790
   14OCT        4       3       5   3   2   4   2   2   3   4   4   2   4            42     13 3.231          3.2474
   15OCT        5       3       3   3   2   4   2   5   3   3   3   2   3            41     13 3.154          3.2267
   16OCT        7       3       3   3   3   3   3   5   3   3   3   1   2            42     13 3.231          3.1886
   17OCT        6       4       4   5   2   3   4   5   4   4   3   1   2            47     13 3.615          3.1884
   18OCT        4       5       3   5   3   2   4   4   3   4   3   2   3            45     13 3.462          3.1697
   19OCT        3       4       3   5   3   2   3   3   3   4   3   3   3            42     13 3.231          3.1496
   20OCT        2       3       3   4   3   2   3   3   3   4   2   2   2            36     13 2.769          3.1350
   21OCT        3       2       3   5   2   2   2   2   3   3   2   2   2            33     13 2.538          3.1157
   22OCT        3       2       3   4   2   2   3   3   3   2   3   1   2            33     13 2.538          3.1125
   23OCT        4       2       2   3   3   2   3   1   3   1   3   1   1            29     13 2.231          3.1026
   24OCT        6       3       2   3   3   2   3   1   3   1   2   2   2            33     13 2.538          3.0852
   25OCT        4       2       2   2   3   2   4   1   3   4   5   2   3            37     13 2.846          3.0579
   26OCT        3       3       3   3   3   3   4   2   3   3   6   3   3            42     13 3.231          3.0242
   27OCT        3       3       3   3   3   2   5   3   2   2   4   3   2            38     13 2.923          2.9833
   28OCT        2       2       2   3   3   2   3   3   2   2   3   2   4            33     13 2.538          2.9430
   29OCT        3       2       2   3   3   3   3   3   2   3   2   2   5            36     13 2.769          2.8934
   30OCT        2       3       6   3   4   2   3   2   2   4   1   1   5            38     13 2.923          2.8629
   31OCT        2       2       6   2   4   2   3   3   3   3   1   1   3            35     13 2.692          2.8232
    1NOV    2   3   4   2   3   6   4   4   2   3   3   2   3   8   2   8            59     16 3.688          2.7862
    2NOV    2   2   4       2   5   3   4   2   2   3   2   2   7   2   7            49     15 3.267          2.7395
    3NOV    1   2   4   3   3   4       3   2   4   2   2   2   7   1   6            46     15 3.067          2.6948
    4NOV    6   3   3   2   3   4       3   3   3   1   2   1   5   1   4            44     15 2.933          2.6626
    5NOV    6   2       2   3   4       3   2   2   1   2   2   3   3   4            39     14 2.786          2.6526
    6NOV    5   3       1   3   3       3   2   3   2   3   2   4   4   8            46     14 3.286          2.6452
    7NOV    2   2       1       4       4   3   3   2   2   3   3   3   8            40     13 3.077          2.6439
    8NOV    2   2       4       3       3   2   3   2   1   4   2   3   9            40     13 3.077          2.6661
    9NOV    1   2       2       3       3   3   2   3   1   5   3   3   5            36     13 2.769          2.6595
   10NOV    1   2   4   2       3       3   3   2   3   1   3   2   3   4            36     14 2.571          2.6375
   11NOV    1   2   5   2       3       3   2   2   3   2   2   3   2   3            35     14 2.500          2.6140
   12NOV    1   2   4   2       2       3   2   1   3   2   2   2   2   3            31     14 2.214          2.6030
   13NOV    1   2   3   2       2       2   2   2   1   2   1   2   2   4            28     14 2.000          2.6005
   14NOV    1   2   3   2       2       2   3   2   2   3   2   2   2   4            32     14 2.286          2.5892
   15NOV    1   1       2       2       2   2   2   2   2   3   2   2   2            25     13 1.923          2.5594
   16NOV    2   1               2       3   2   1   2   1   4   3   2   2            25     12 2.083          2.5403
   17NOV    2   2               2       2   2   1   2   1   3   5   2   2            26     12 2.167          2.4939
   18NOV    1   2       2       2       3   2   2   2   3   2   3   2   1            27     13 2.077          2.4704
   19NOV    2   3       3       2       3   2   2   2   2   2   2   2   2            29     13 2.231          2.4459
   20NOV    2   3       2       2       3   2   3   3   3   1   2   5   1            32     13 2.462          2.4183
   21NOV    3   2       2       2       2   2   2   4   2   2   2   4   1            30     13 2.308          2.4047
   22NOV    2   3               1   2   2   3   2   6   2   2   2   3                30     12 2.500          2.3686
   23NOV    2   3               2   3   2   3   2  10   1   3   2   2                35     12 2.917          2.3485
   24NOV    2   2               2   3   2   3   2   5   1   2   2   2                28     12 2.333          2.3299
   25NOV    2   2               2   3   2   3   2   3   1   2   2   2                26     12 2.167          2.3080
   26NOV    4   2               3   3   3   3   2   3   1   2   1   3                30     12 2.500          2.2925
   27NOV    3   2               5   3   3   3   2   2   2   2   1   3                31     12 2.583          2.2881 MIN
   28NOV    2   2   4           3   3   3   3   3   2   1   2   1   3                32     13 2.462          2.2909
   29NOV    2   1               2   4   3   3   3   3   1   3   1   3                29     12 2.417          2.2967
   30NOV    1   2               2   3   2   3   2   3   1   2   1   2                24     12 2.000          2.2934
    1DEC                        2   3   2   3   2   3   1   2   1   2                21     10 2.100          2.3023
    2DEC        2       3       2   3   2   3   2   2   2   2   1   3                27     12 2.250          2.3125
    3DEC    3   2       3       4   3   3   3   3   2   2   2   1   2                33     13 2.538          2.3072
    4DEC    3   1       3       4   3   1   3   3   2   3   2   1   1                30     13 2.308          2.2950
    5DEC    2   1       2       3   2   2   4   3   1   3   2   1   1                27     13 2.077          2.3081
    6DEC        1               3   1   3   5   3   2   4   2   1   1                26     11 2.364          2.3079
    7DEC        2       2       2   1   3   3   3   2   3   2   2   1                26     12 2.167          2.3194
    8DEC        2               5   2   3   3   1   2   2   2   3   2                27     11 2.455          2.3180
    9DEC                        4   2   3   2   2   3   1   2   3   3                25     10 2.500          2.3119
   10DEC        3               3   2   3   2   2   1   1   2   2   2                23     11 2.091          2.3172
   11DEC        4               2   3   2   2   2   1   1   2   2   2                23     11 2.091          2.3353
   12DEC        5               2   2   2   3   3   1   2   2   2   2                26     11 2.364          2.3418
   13DEC                        2   3   2   5   2   1   2   2   2   2                23     10 2.300          2.3488
   14DEC                3       3   2   2   5   1   1   2   1   2   2                24     11 2.182          2.3468
   15DEC                2       2   2   2   4   1   2   2   2   3   2                24     11 2.182          2.3398
   16DEC                        3   2   3   3   1   2   2   2   2   2                22     10 2.200          2.3559
   17DEC                        2   2   4   3   3   1   2   2   2   3                24     10 2.400
   18DEC                        2   2   3   2   2   2   2   1   1   3                20     10 2.000
   19DEC                        2   1   2   2   2   2   1   2   1   2                17     10 1.700 MIN
   20DEC    6                   2   4   2   3   3   1   1   2   3   2                29     11 2.636
   21DEC    5                   1   3   3   4   2   2   1   2   3   1                27     11 2.455
   22DEC    4           3       1   3   3   3   4   3   1   2   4   1                32     12 2.667
   23DEC    4                   1   2   2   3   3   3   2   3   3   1                27     11 2.455
   24DEC    3                   3   2   2   4   4   2   3   3   3   1                30     11 2.727
   25DEC                        2   1   2   4   4   2   4   2   3   1                25     10 2.500
   26DEC                    6   1   2   2   3   3   2   4   1   2   4                30     11 2.727
   27DEC                        3   2   2   3   3   3   3   1   2   5                27     10 2.700
   28DEC                        4   5   2   3   2   3   3   1   2   3                28     10 2.800
   29DEC                        3   3   2   4   2   2   3   1   2   2                24     10 2.400
   30DEC                        3   2   1   3   2   2   3   1   2   3                22     10 2.200
   31DEC                        2   2   5   3   4   2   3   1   2   1                25     10 2.500
                                                                                   ---     --  -----          ------
                                                                         TOTALS:  16921   5000 3.384
                                                                                  FEET   DAYS GND AVG
                                                                                                 FT
                                                                                ON DAY:                  DAY:
                                                                                 1 JUL: MAX =  5.438    20JUN 4.2762
                                                                                19 DEC: MIN =  1.700    27NOV 2.2881
