"COLES_11"       "NORTH SHORE SURF":  12-MONTH SURF SEASONS       DAILY SURF SIZE OB'S (FT)
                 (Data NOT contiguous...Leap-years separate)      (Peter Cole's '87-'98 reports to NWS)                                                                     AUG-JUL SEASONS:           SEP-AUG SEASONS:
                                                                                                                                                                            -----------------          -----------------
SEASON NO.---->    #1     #2     #3     #4     #5     #6     #7     #8     #9     #10    #11
                     LY                          LY                          LY
SSN: YR-YR --->   87-88  88-89  89-90  90-91  91-92  92-93  93-94  94-95  95-96  96-97  97-98
                  -----  -----  -----  -----  -----  -----  -----  -----  -----  -----  -----
      DAY  MONTH
         1   AUG       2      1      1      1      1      1      2      1      2      1      2
         2   AUG       1      2      1      2      1      1      2      1      2      1      1
         3   AUG       1      2      1      1      1      2      2      2      2      1      1
         4   AUG       1      3      1      3      3      2      2      2      2      1      2
         5   AUG       1      3      1      4      2      2      2      1      2      2      4
         6   AUG       3      3      1      2      2      1      1      1      1      3      1
         7   AUG       2      3      1      1      3      1      2      1      2      2      1
         8   AUG       3      2      2      2      3      2      2      1      2      3      1
         9   AUG       2      2      1      2      2      2      2      1      3      2      4
        10   AUG       2      2      2      3      2      2      2      1      2      2      4
        11   AUG       3      1      3      2      2      1      2      1      3      1      4
        12   AUG       2      1      2      2      2      2      3      1      2      2      3
        13   AUG       2      1      3      2      2      2      2      2      2      1      4
        14   AUG       3      1      2      3      3      2      2      3      2      1      4
        15   AUG       3      1      2      2      3      2      3      2      3      1      3
        16   AUG       2      1      2      3      2      2      4      2      3      2      2
        17   AUG       3      1      2      2      2      2      5      1      3      3      2
        18   AUG       2      1      2      2      2      1      5      2      3      1      2
        19   AUG       1      1      2      2      2      1      4      4      2      2      1
        20   AUG       1      1      3      2      4      2      4      3      1      1      2
        21   AUG       1      1      2      2      4      2      1      2      2      2      3
        22   AUG       2      1      2      2      3      3      2      2      2      2      3
        23   AUG       2      3      2      3      2      1      2      2      1      2      1
        24   AUG       1      2      2      4      2      2      2      2      2      1      3
        25   AUG       1      3      2      3      3      2      2      2      2      2      3
        26   AUG       1      2      3      3      2      2      2      2      2      2      3
        27   AUG       2      2      1      3      2      2      3      3      2      1      2
        28   AUG       2      2      3      3      2      2      2      3      1      1      2
        29   AUG       2      2      3      3      2      2      6      2      1      3      3
        30   AUG       2      3      2      3      1      2      3      2      1      3      2
        31   AUG       1      2      2      3      1      2      3      2      1      2      3
         1   SEP       4      2      3      2      4             3      3      2      3      1
         2   SEP       3      2      2      2      4             4      2      1      2      2
         3   SEP       4      2      2      2      3             4      2      1      1      1
         4   SEP       4      4      3      2      2             2      2      1      2      2
         5   SEP       4      4      2      1      8             2      2      1      2      2
         6   SEP       3      3      2      2      8             2      2      4      7      2
         7   SEP       4      3      1      2      4             2      2      5      7      2
         8   SEP       3      3      7      3      2             2      2      4      3      5
         9   SEP       3      3      6      3      4             3      2      3      3      4
        10   SEP       2      3      4      2      8             4      5      2      2      2
        11   SEP       2      2      3      2      5             2      4      3      2      2
        12   SEP       2      2      2      6      5             2      4      4      1      2
        13   SEP       2      2      3      6      8             3      3      3      2      1
        14   SEP       2      5      2      4     13             4      2      3      3      1
        15   SEP       2      4      2      3     12             3      2      5      2      1
        16   SEP       5      3      2      3      8             2      3      6      1      1
        17   SEP       6      2      3      3      5             2      3      4      1      2
        18   SEP       5      3      6      3      4             2      5      3      2      3
        19   SEP       4      2      3      3      4             4      3      3      4      2
        20   SEP       5      3      3      2      4             4      2      7      3      2
        21   SEP       6      6      2      2      3             4      2     25      4      3
        22   SEP       7      5      3      3      3             3      1     18      4      4
        23   SEP       7      3      7      4      2             2      2      8      4     18
        24   SEP       7      3      5     12     10             2      3      5      3     15
        25   SEP      10      3     10      8      8             1      5      4      3      9
        26   SEP       9      1      7      7     10             2      7      8     10      8
        27   SEP       6      1      8      6      6             2      5      5      8      5
        28   SEP       4      1     12      3      4             2      3      4      5      3
        29   SEP       2      1      8      5      2             3      3      3      4      2
        30   SEP       5      4      6      5      2             6      5      1      3      2
         1   OCT      10             6      6      8     10      8      3      3      5      3
         2   OCT       8             4      5      5      9      5      3      5      4      3
         3   OCT       4             3      2      8     10      9      4      3      4      6
         4   OCT       4             8      3      5      6      7      6      2      5      7
         5   OCT       3             5      3      4      5      6     10      2      6      4
         6   OCT       6             3      6      3      5      4      7      2     12      3
         7   OCT       5             6      4      3      4      8      4      2      7      3
         8   OCT       8             5      5      3      5      7      3      2      3      4
         9   OCT       6             4      3      2      6      4      2      3      3      2
        10   OCT       5            10      3      8      5      7      3      5      3      2
        11   OCT       3             6      4      6      4      4      3      8      3      3
        12   OCT       4             4      3      4      2      4      2      4      3      4
        13   OCT       4             4      3     10      4      7      3      2      2      5
        14   OCT       4             3      2      8      7      7      3      5      3      4
        15   OCT       5             2      3      6      6      4     10      4      4      7
        16   OCT       4             3      2      8      4      5     10      3      3      4
        17   OCT       3             8      2      5      4      5      7      8      3      3
        18   OCT       3             8      3      8      4      4      4      6      3      3
        19   OCT       4             5      3      7      4      4      4      4      3      3
        20   OCT       4             4      1      4      8      8      4      8      2      3
        21   OCT       4             6      3      4      6      7      8      6      3      8
        22   OCT       4             4      6      4      4      4      5      3      3      5
        23   OCT      10             4      5      3     10      6      3      4      4      2
        24   OCT       8             5      3      3      8      5      3      4      7      4
        25   OCT       3             4      5      3     10      4      3      4      6      2
        26   OCT       7             5      8      3     10     10      4      8      4      2
        27   OCT       5             5      5      2      6     10      4      8     12     12
        28   OCT       4             8      5      2      5      8     10      6      7     12
        29   OCT       4             8      5      2      4      5      6      5      6     10
        30   OCT       5             6      6      6      7      4      3      8      5      6
        31   OCT       7             7      3      6      4      8      4      5      4     10
         1   NOV       6     12      7      3      6      3      8      5      7      6      8
         2   NOV       4      7     15      4      7      6      5      4      5      6      7
         3   NOV       4      7     18      5     15      7     12      3      1      8      6
         4   NOV       7      8      8      4     12      6     10      4      8      6     10
         5   NOV       6     15      5      2     10      7      6      8      6      4      8
         6   NOV       5      8      5      2      8     10      4      6      6      4      6
         7   NOV       5      4      3      1     10     10     10      5      5      2      4
         8   NOV      10      8      3     10      6      8      7      5      2     12      8
         9   NOV      10      8      3      8      4      5      6      4      2     12      5
        10   NOV      12      6      2      5     12      4      6      3      8     15      6
        11   NOV      12      4      7      6     10      4      5      2      5     20     10
        12   NOV       6      2     10     10      8      5      6     10      5     15      9
        13   NOV       7      6     10     12      6      7      3      8      4      6      8
        14   NOV       6      4      5     10      3     10      4      5      6     25      5
        15   NOV       7      2      6      7      3      6      4      4      5     18      4
        16   NOV       8      3      7      7      2      3      5      3      4      7      4
        17   NOV       8      7     12      4      8      4      4      6     10     15     10
        18   NOV       4      6      8      6     12      7      3      5      8     10      8
        19   NOV       8      3      7     10      7      8      3      3      5      8      7
        20   NOV      10      3      6      6      7      8      4      4      7      6      4
        21   NOV      12      4      5      4      4      8      3      3      6      6      6
        22   NOV      12      3      4      3     15     12      4      3      7      4      6
        23   NOV       6      6      3      3     12     12      8      3     20      4      5
        24   NOV       7      5      4      7      6     12      8      1     12     10      3
        25   NOV       8      5     10     15     10      7      8      3      5      4      7
        26   NOV      18      8      8     18      8     15      7      4      6      5      8
        27   NOV      10      8      6      6      5     10      7      3      8      4      6
        28   NOV       6      8      3      3      3      8      4      3      6      5     10
        29   NOV      15      6      2      3      4      6      6      3      6      4     12
        30   NOV      12      7      5      4      6      3      4      3      5      4      7
         1   DEC       8      8     12      5      7             4             6      3      6
         2   DEC       8      6     10      4     10            10             4      3     13
         3   DEC      10      4      8      5     12            15             2      4     12
         4   DEC      10     15      8      3     12            10             5      5      8
         5   DEC       5     10     25      8     15             6             5      5      5
         6   DEC      18     18     10      7      7             7             4      5      4
         7   DEC      12     20     12      4      6             4             4      8      7
         8   DEC      10     20      6      6      4             3             4      8      6
         9   DEC       6      7      3      8      6             5             6      8      7
        10   DEC       8     12      4      7      7             6             8      7     10
        11   DEC       8     15      7      5      7             8            10      5     10
        12   DEC       5     10      6      3      8             8            10      5     12
        13   DEC       4      7      6      4      6            12            10      3     10
        14   DEC      10      6     10      5      4            10             8      6      5
        15   DEC       4      6      8      4      4             6             7     15      4
        16   DEC       4     10      8      8      6             8             4     12      3
        17   DEC       3      8     10     10      5             8            12      8      4
        18   DEC      10     10      8      7      4             5            10      6      5
        19   DEC       8      6      8      7      4             4            10      3     10
        20   DEC       4      4     12      4     20             8            12      3      8
        21   DEC      15      3     10      5     10             4             8      5      6
        22   DEC      12      6      8      7      5             5             7      7     15
        23   DEC       6      5      5      6      4            15            25      8     10
        24   DEC       4      3     15      8     15             8             8      6      7
        25   DEC      10      2     18      8     12             8             7     15     10
        26   DEC      12      7     12      7      7             4            18     10      7
        27   DEC       6      6      5      7      6            12            12      7      3
        28   DEC       1      4      6      6      4            10             6      8      2
        29   DEC       2      4      5      7      3             8            18      7      6
        30   DEC       4      6      6     12     12             6            12      6      8
        31   DEC       6      5      7     10      8             6             8     12      6
         1   JAN       8      5                    6      6     10     15      8     12     12
         2   JAN       8     10                    7      6     12     12      7      7     10
         3   JAN       3      8                    8      5     12      6      5      5      8
         4   JAN      10      4                    7      7     10     12      7      6     12
         5   JAN       8      4                    6      7      5     12      6      5     12
         6   JAN       4      5                    4      9     12     15     12      6     12
         7   JAN       6      4                   12     15      8     10     10      5     12
         8   JAN       8      4                   20     12      5      8      7      8     10
         9   JAN      15      4                   10      7      2     20      3     12      8
        10   JAN       8      3                    8     10      6     15      6     15     15
        11   JAN       6      4                   20      8     18      8     20     10     20
        12   JAN       4      5                   12      6     20     12     12      8     15
        13   JAN       8      4                    8      7     15      8      7     12     12
        14   JAN      18      4                   10      6     10      6      6      8      8
        15   JAN      12      5                   10      5      4      4     10      7      8
        16   JAN      10      3                   12      4     15      2      8      7      7
        17   JAN       8      3                   10      4     10      8      8      7     10
        18   JAN       6      3                   12      3      6      5     10      7      8
        19   JAN       6      2                    7      6      5      6      8      5      6
        20   JAN       6      8                   10      5      7      6      4      2     12
        21   JAN      20      6                    7      4      7     10      6      4     15
        22   JAN      25      5                    4      5      5      8      5      8      8
        23   JAN      12      3                   15      5      5      5      4     10     20
        24   JAN       8      4                   12      4      5      4      6     10     15
        25   JAN       6     10                   12      7      4      8      6      7     15
        26   JAN       6     12                    9     12      7      6      7     12     12
        27   JAN       5      9                    7     15      6      5      3      8     10
        28   JAN      10     10                   15     10      6      4      7      6     30
        29   JAN       7     20                   10      8     15      7      8      5     18
        30   JAN       4     12                   12      8     15     12      6     15     20
        31   JAN      25     10                    7      7     20     15      8     12     12
         1   FEB      15      8      5             6      7     10     12     12      5     18
         2   FEB       8      6      6             7     12     10     10      8      2     12
         3   FEB      12     10      5            15     15      6      7      6     12      8
         4   FEB      10     10      4            10     20      6     10     15     10      8
         5   FEB       8      7      4            10     12      5      8      8     10     18
         6   FEB      10      7      3             6     15      3      6     12      8     15
         7   FEB       7      7      6             7     12      6     10     18      8      8
         8   FEB      18      8      7             6      7      6      7     10     12     10
         9   FEB      12      6      5             4      5      7      6      8      6     10
        10   FEB      10      4      4             4     10      5     10      8     18     10
        11   FEB      10      8     10             5      6      6     10     12     15      8
        12   FEB       9      7      7             5     10     12      8     10      8     20
        13   FEB       7      6      5             4      8      6      6      8      5     18
        14   FEB      12      4     10             5      8      5      4      8     15     15
        15   FEB       7     10      7             3      8      5      7      7     15     10
        16   FEB       7      6      5             7      6      5      7      7     15     12
        17   FEB       6      6      3             4      8      6      6     10      7     10
        18   FEB       5     13      5            12      8      7      8      6      5      6
        19   FEB      12     12     10            10     12      6      5     12      6      5
        20   FEB       6     10     10             7     10      4      5      7      6     10
        21   FEB       4      7      8            12      5      3      3      5      4     12
        22   FEB      15      6      5             5      7      4      3      5      7      8
        23   FEB      12      5      4            12      5      8      5      6     13      5
        24   FEB       8      4      8             8      7     10      4      6      7      6
        25   FEB       8      5      7            10      5      7      4      4      7      5
        26   FEB      15      4     10            10      5      4      6      4      7      8
        27   FEB       7      4     12             8      3      7      7      5     10      6
        28   FEB       7      4     10             4     10      6      5     18      7      6
        29   FEB       6                          12                          12
         1   MAR       5      5      5     10     10     15      5      3      8      7      6
         2   MAR       5      5     10     10      8      6      4      5      6      5      4
         3   MAR       5      4      7     15      6      5      4     12     10      5      3
         4   MAR       5      6      4     10      5      5      4     10     10      8      6
         5   MAR       6      5      4      6      6      6      4      6      6      5      4
         6   MAR       5      8      3      5      4     10      2      8      6     10      6
         7   MAR      15     10      5      7      6      6      7     12      7      8      5
         8   MAR      18      6      7      6     10      5      6      7      8      3      5
         9   MAR       7      6      6      5      8      3      8     12      4      5     10
        10   MAR       4      5      4      3     12     15     12     10      8      4     12
        11   MAR       6      4      3      4     10     12     12      6      5      3      8
        12   MAR       6      3      3      8     10      6      8      5      4      3     15
        13   MAR       6      4     10      6      7      5      7      7      8      3     10
        14   MAR       7      5      8      3      4      8      7      7      5      8     18
        15   MAR      15      8     10      6     10     12      5      6      3      6      8
        16   MAR      12      7     10      6      8      6      5      5     12      4      6
        17   MAR       7      8      7      4      6      8      5      8      8      3     12
        18   MAR       6      4     10      4      5     10      5      6      5      5      6
        19   MAR       5      3      7      5      3      8      4      5      6      4     10
        20   MAR       4      3      6      7      5      6      4      5     12      5      8
        21   MAR       5      2      6      4      6      2      4      6      5      2      7
        22   MAR       5      5      7      4      5      4      3      4      3      2     10
        23   MAR       3      4     12      6     10      8      6      5      8      4     18
        24   MAR       3      5      8      5      8      6      5      5      6      8     10
        25   MAR       3     10      4      5     10      4      8      4      7     10      6
        26   MAR       1      7      4      8      8     10      8      6     12      6      4
        27   MAR       2     10     10      6      7      8      8      6      8      5      4
        28   MAR      10      8      8      4      4      7      6      5      6      4      2
        29   MAR       8      5      4      3      2     10      4      5      3      4      4
        30   MAR       8      4      3      3      2      6      5      3      4      4      6
        31   MAR       7      6      3      6      2      6     15      3      3      5      5
         1   APR       4      5      3             8      6     12      5      5      2      3
         2   APR       3      1      3             7      7      7      2     10     18      3
         3   APR       3      4      3             6     12     15      4      7     12      3
         4   APR       3      5      6             2     10     12      5      5      8      3
         5   APR       2      3     12             4      4     15      5      5      4      3
         6   APR       1      8      6             6      2     10      4      7      3      5
         7   APR       5      6      3             3     12      6      3      6      7      4
         8   APR       4      4     12             5     12      5      5      4      6      3
         9   APR       2      3      7             5     10      5      4      4      3      3
        10   APR       8      3      4             4      4      2      4     10      3      4
        11   APR       6      6      4             3      6      4      4      8     10      5
        12   APR       4      4      3            10      3      5      4      3      8      6
        13   APR       6      3      5             7      7      4      4      8      5      6
        14   APR       6      3      4             4      8      3      2     12      3      4
        15   APR      15      3      2             5      6      3      8      8      3      4
        16   APR      15      3      2             4     15      4     10      4      3      4
        17   APR       8      3      2             8      8      4      8      8      3      5
        18   APR       6      4      5             6      7      4      7      5      4      8
        19   APR       4      4      5             4      6      3      4      5      3      7
        20   APR       2      4      4             4      5      8      5      3      2      4
        21   APR       2      4      2             4      4      7      4      3     12      3
        22   APR       4      3      3             3      5      6      8      3     10      4
        23   APR       4      3      2             3      4      5      5      4      6      3
        24   APR       4      3      2             5      6      3      4      7      4      3
        25   APR       3      2      3             5      4      2      6      6      7      3
        26   APR       4      4      4             5      3      2      6      4      5      3
        27   APR       3      5      3             4      3      5      4      3      4      8
        28   APR       3      4      3             3      2      6      3      4      4      6
        29   APR       3     15      5             3      3      5      6      4      3      5
        30   APR       3     12      3             3      6      3      4      6      5      4
         1   MAY       4     10      3      2      3      5      2      3      6      4      6
         2   MAY       3      6      3      1      2      4      3      3      7      3      5
         3   MAY       2      5      4      6      2      3      5      6      6      3      3
         4   MAY       3      6      4      5      4      3      4      4      3      3      3
         5   MAY       3      5      7      4      3     12      3      1      3      3      3
         6   MAY       3      4      5      3      4      8      2      3      3      3      4
         7   MAY       2      7      5      3      6      5      8     10      3      3      3
         8   MAY       6      4      4      3      5      5      5      7      3      3      5
         9   MAY       5      4      4      6      4      3      3     12      3      3      5
        10   MAY       3      3      4      3      4      4      4      6      5      3      2
        11   MAY       3      6      3      3      3      4      8      4      4      4      1
        12   MAY       4      3      3      6      2      9      5      4      3      8      2
        13   MAY       4      2      3      3      2      8      8      2      3      4      3
        14   MAY       3      3      6      3      2      6      5      2      1      3      3
        15   MAY       4      3      4      3      2      3      3      2      2      3      2
        16   MAY       3      3      3      3      3      3      3      2      2      7      1
        17   MAY       3      3      3      2      4      3      6      2      3      4      2
        18   MAY       2      3      3      1      6      3      4      2      2      3      4
        19   MAY       4      3      4      3      5      3      4      2      3      3      3
        20   MAY       5      2      3      2      4      3      3      1      3      3      2
        21   MAY       4      3      3      7      4      3      3      1      2      3      1
        22   MAY       3      3      3      2      4      2      4      2      1      4      2
        23   MAY       3      3      3      2      3      3      3      5      2      3      2
        24   MAY       2      3      3      3      5      2      3      3      2      5      1
        25   MAY       3      3      3      2      4      2      5      3      3      4      2
        26   MAY       1      3      2      3      7      2      3      3      2      3      1
        27   MAY       2      2      1      3      8      3      4      2      2      2      1
        28   MAY       5      3      1      3      6      2      3      2      3      4      4
        29   MAY       3      6      1      2      3      2      2      2      3      4      2
        30   MAY       3      5      3      2      2      3      3      4      3      4      1
        31   MAY       5      3      4      3      1      2      2      4      3      3      2
         1   JUN       4      3      4      2      2      2      1      2      1      3      2
         2   JUN       3      4      3      2      1      1      1      2      6      2      1
         3   JUN       1     10      6      1      1      2      1      2      4      5      1
         4   JUN       3      6      5      1      2      1      3      2      2      4      1
         5   JUN       3      5      3      3      3      1      2      2      5      3      1
         6   JUN       5      3      2      2      1      1      3      2      4      2      1
         7   JUN       6      3      2      3      2      1      2      2      3      2      1
         8   JUN       3      2      2      3      2      2      2      4      2      2      1
         9   JUN       3      3      2      4      2      2      2      2      1      2      2
        10   JUN      10      2      2      6      2      2      2      1      3      1      2
        11   JUN       7      4      2      4      2      2      3      3      2      1      1
        12   JUN       5      4      1      2      3      2      2      3      2      2      3
        13   JUN       2      3      1      2      2      2      2      3      2      1      1
        14   JUN       2      3      2      2      2      2      1      2      1      1      1
        15   JUN       1      2      3      2      2      1      2      2      1      2      2
        16   JUN       2      2      3      1      2      1      2      2      1      2      1
        17   JUN       2      2      2      1      3      3      2      2      1      2      3
        18   JUN       4      2      3      1      1      3      3      2      2      5      2
        19   JUN       3      2      3      1      1      2      2      1      2      7      2
        20   JUN       3      2      3      1      1      3      3      1      2      4      2
        21   JUN       2      2      2      1      1      1      3      1      2      3      2
        22   JUN       2      4      2      1      3      1      3      2      2      3      4
        23   JUN       3      3      2      1      1      1      2      2      1      2      3
        24   JUN       2      3      2      1      1      1      3      1      1      2      3
        25   JUN       3      3      3      1      1      2      3      2      1      1      3
        26   JUN       4      2      3      1      4      3      2      2      2      2      3
        27   JUN       3      2      2      1      3      2      2      2      3      2      3
        28   JUN       3      3      3      2      2      2      2      4      3      2      2
        29   JUN       2      3      3      1      2      3      2      4      1      2      2
        30   JUN       2      3      2      1      1      2      2      3      2      3      2
         1   JUL       2      2      2             1      2      2             2      2      1
         2   JUL       2      3      3             1      2      2             1      2      1
         3   JUL       2      3      2             5      2      2             2      2      2
         4   JUL       1      2      3             4      1      3             2      1      1
         5   JUL       1      3      2             5      2      2             2      4      1
         6   JUL       1      2      2             4      2      2             2      3      1
         7   JUL       2      2      3             3      2      2             1      2      2
         8   JUL       2      2      2             2      2      2             4      2      1
         9   JUL       1      2      1             3      2      1             3      2      2
        10   JUL       2      2      1             2      2      2             2      2      2
        11   JUL       2      2      1             2      1      2             1      1      2
        12   JUL       1      2      1             2      2      2             1      1      2
        13   JUL       3      3      1             3      2      2             3      3      1
        14   JUL       2      2      1             3      2      2             3      2      1
        15   JUL       2      2      3             2      1      1             1      2      1
        16   JUL       2      1      3             1      1      1             1      2      2
        17   JUL       2      1      3             2      1      1             1      2      5
        18   JUL       2      2      3             1      1      1             1      2      4
        19   JUL       2      2      3             1      3      2             4      2      2
        20   JUL       3      1      2             2      4      3             3      2      2
        21   JUL       2      1      1             2      3      3             1      2      1
        22   JUL       1      1      1             3      3      2             1      1      2
        23   JUL       1      1      1             3      2      1             1      2      3
        24   JUL       1      1      2             3      2      1             1      1      2
        25   JUL       2      1      1             3      1      1             1      1      1
        26   JUL       2      1      1             3      1      1             1      1      1
        27   JUL       2      1      2             3      1      1             1      1      1
        28   JUL       2      1      1             3      2      1             2      1      1
        29   JUL       3      2      1             2      3      1             1      1      3
        30   JUL       2      1      1             2      2      1             2      2      2
        31   JUL       2      1      1             2      2      1             1      3      3
